0.164 -0.392 0.168 -0.4 
0.169333333333 -0.398666666667 0.178666666667 -0.394666666667 
-0.130666666667 -0.394666666667 -0.125333333333 -0.390666666667 
0.176 -0.394666666667 0.185333333333 -0.376 
0.153333333333 -0.384 0.157333333333 -0.392 
0.165333333333 -0.392 0.173333333333 -0.390666666667 
0.169333333333 -0.381333333333 0.172 -0.389333333333 
-0.348 -0.385333333333 -0.341333333333 -0.382666666667 
0.164 -0.386666666667 0.158666666667 -0.382666666667 
-0.361333333333 -0.374666666667 -0.350666666667 -0.382666666667 
0.169333333333 -0.38 0.177333333333 -0.382666666667 
0.181333333333 -0.372 0.198666666667 -0.381333333333 
0.197333333333 -0.38 0.204 -0.370666666667 
-0.341333333333 -0.38 -0.36 -0.365333333333 
0.176 -0.366666666667 0.174666666667 -0.376 
-0.36 -0.366666666667 -0.358666666667 -0.374666666667 
0.192 -0.366666666667 0.176 -0.368 
0.201333333333 -0.370666666667 0.202666666667 -0.348 
-0.352 -0.361333333333 -0.342666666667 -0.368 
-0.232 -0.362666666667 -0.224 -0.366666666667 
0.193333333333 -0.356 0.192 -0.368 
-0.369333333333 -0.361333333333 -0.361333333333 -0.365333333333 
-0.36 -0.364 -0.365333333333 -0.354666666667 
-0.292 -0.364 -0.292 -0.356 
-0.297333333333 -0.356 -0.297333333333 -0.362666666667 
-0.344 -0.36 -0.352 -0.358666666667 
0.185333333333 -0.353333333333 0.189333333333 -0.36 
0.2 -0.353333333333 0.193333333333 -0.356 
-0.365333333333 -0.342666666667 -0.36 -0.352 
0.193333333333 -0.341333333333 0.185333333333 -0.352 
-0.357333333333 -0.349333333333 -0.364 -0.330666666667 
-0.36 -0.329333333333 -0.349333333333 -0.349333333333 
0.205333333333 -0.348 0.212 -0.337333333333 
-0.133333333333 -0.34 -0.137333333333 -0.349333333333 
-0.345333333333 -0.346666666667 -0.345333333333 -0.34 
0.197333333333 -0.337333333333 0.204 -0.345333333333 
-0.366666666667 -0.332 -0.365333333333 -0.342666666667 
-0.282666666667 -0.332 -0.286666666667 -0.341333333333 
0.213333333333 -0.34 0.233333333333 -0.32 
-0.342666666667 -0.34 -0.354666666667 -0.333333333333 
0.201333333333 -0.329333333333 0.198666666667 -0.337333333333 
-0.376 -0.324 -0.368 -0.332 
-0.353333333333 -0.332 -0.354666666667 -0.326666666667 
0.224 -0.321333333333 0.208 -0.326666666667 
-0.362666666667 -0.328 -0.369333333333 -0.312 
-0.296 -0.316 -0.289333333333 -0.325333333333 
-0.372 -0.316 -0.373333333333 -0.324 
0.225333333333 -0.322666666667 0.217333333333 -0.313333333333 
0.229333333333 -0.32 0.244 -0.305333333333 
-0.285333333333 -0.317333333333 -0.293333333333 -0.312 
-0.38 -0.313333333333 -0.372 -0.313333333333 
-0.382666666667 -0.290666666667 -0.378666666667 -0.313333333333 
-0.370666666667 -0.313333333333 -0.365333333333 -0.302666666667 
0.232 -0.3 0.22 -0.314666666667 
0.072 -0.305333333333 0.0786666666667 -0.306666666667 
0.245333333333 -0.306666666667 0.234666666667 -0.3 
-0.366666666667 -0.305333333333 -0.373333333333 -0.297333333333 
0.230666666667 -0.3 0.229333333333 -0.292 
0.237333333333 -0.3 0.250666666667 -0.286666666667 
-0.372 -0.296 -0.381333333333 -0.270666666667 
-0.154666666667 -0.293333333333 -0.149333333333 -0.296 
0.238666666667 -0.285333333333 0.232 -0.296 
-0.165333333333 -0.288 -0.154666666667 -0.292 
-0.393333333333 -0.285333333333 -0.381333333333 -0.292 
-0.146666666667 -0.292 -0.150666666667 -0.285333333333 
0.0386666666667 -0.286666666667 0.052 -0.288 
-0.150666666667 -0.286666666667 -0.164 -0.285333333333 
-0.388 -0.268 -0.386666666667 -0.286666666667 
0.246666666667 -0.286666666667 0.254666666667 -0.252 
0.0493333333333 -0.282666666667 0.0413333333333 -0.282666666667 
0.226666666667 -0.270666666667 0.238666666667 -0.285333333333 
-0.165333333333 -0.273333333333 -0.157333333333 -0.274666666667 
0.234666666667 -0.272 0.242666666667 -0.276 
-0.00133333333333 -0.270666666667 0.00533333333333 -0.272 
0.248 -0.234666666667 0.24 -0.273333333333 
-0.38 -0.270666666667 -0.390666666667 -0.225333333333 
-0.154666666667 -0.270666666667 -0.162666666667 -0.266666666667 
-0.394666666667 -0.262666666667 -0.388 -0.268 
-0.318666666667 -0.262666666667 -0.322666666667 -0.254666666667 
-0.397333333333 -0.228 -0.392 -0.261333333333 
-0.072 -0.253333333333 -0.0613333333333 -0.254666666667 
-0.185333333333 -0.246666666667 -0.186666666667 -0.254666666667 
-0.18 -0.254666666667 -0.178666666667 -0.248 
0.250666666667 -0.249333333333 0.258666666667 -0.250666666667 
-0.226666666667 -0.246666666667 -0.214666666667 -0.248 
-0.0613333333333 -0.250666666667 -0.0706666666667 -0.249333333333 
0.250666666667 -0.248 0.261333333333 -0.238666666667 
-0.194666666667 -0.245333333333 -0.202666666667 -0.242666666667 
-0.212 -0.245333333333 -0.226666666667 -0.24 
-0.108 -0.24 -0.114666666667 -0.236 
0.238666666667 -0.237333333333 0.256 -0.226666666667 
0.258666666667 -0.236 0.249333333333 -0.237333333333 
-0.156 -0.233333333333 -0.146666666667 -0.237333333333 
0.052 -0.233333333333 0.0586666666667 -0.229333333333 
0.24 -0.229333333333 0.234666666667 -0.236 
0.0506666666667 -0.233333333333 0.052 -0.228 
-0.142666666667 -0.230666666667 -0.153333333333 -0.229333333333 
-0.345333333333 -0.224 -0.345333333333 -0.230666666667 
-0.34 -0.229333333333 -0.338666666667 -0.218666666667 
-0.297333333333 -0.226666666667 -0.289333333333 -0.228 
-0.0346666666667 -0.226666666667 -0.0213333333333 -0.226666666667 
0.232 -0.221333333333 0.24 -0.229333333333 
0.246666666667 -0.225333333333 0.24 -0.222666666667 
0.253333333333 -0.226666666667 0.262666666667 -0.192 
-0.0226666666667 -0.221333333333 -0.0373333333333 -0.224 
0.244 -0.213333333333 0.248 -0.222666666667 
0.252 -0.202666666667 0.246666666667 -0.214666666667 
0.236 -0.190666666667 0.249333333333 -0.204 
-0.288 -0.202666666667 -0.293333333333 -0.196 
0.26 -0.193333333333 0.250666666667 -0.201333333333 
0.250666666667 -0.2 0.248 -0.194666666667 
-0.394666666667 -0.184 -0.396 -0.198666666667 
-0.389333333333 -0.196 -0.388 -0.174666666667 
-0.246666666667 -0.190666666667 -0.237333333333 -0.193333333333 
0.245333333333 -0.194666666667 0.245333333333 -0.186666666667 
0.261333333333 -0.192 0.258666666667 -0.184 
0.250666666667 -0.189333333333 0.253333333333 -0.182666666667 
0.172 -0.182666666667 0.177333333333 -0.188 
-0.398666666667 -0.176 -0.396 -0.186666666667 
-0.301333333333 -0.182666666667 -0.302666666667 -0.176 
0.181333333333 -0.184 0.176 -0.177333333333 
0.254666666667 -0.182666666667 0.257333333333 -0.176 
-0.328 -0.177333333333 -0.336 -0.178666666667 
-0.305333333333 -0.174666666667 -0.309333333333 -0.18 
0.244 -0.176 0.238666666667 -0.181333333333 
-0.386666666667 -0.176 -0.392 -0.172 
-0.213333333333 -0.174666666667 -0.205333333333 -0.173333333333 
0.253333333333 -0.172 0.244 -0.174666666667 
-0.393333333333 -0.174666666667 -0.4 -0.172 
-0.204 -0.172 -0.192 -0.173333333333 
-0.398666666667 -0.153333333333 -0.396 -0.170666666667 
-0.390666666667 -0.170666666667 -0.390666666667 -0.128 
-0.209333333333 -0.168 -0.218666666667 -0.170666666667 
-0.190666666667 -0.170666666667 -0.197333333333 -0.166666666667 
-0.170666666667 -0.169333333333 -0.161333333333 -0.168 
-0.161333333333 -0.168 -0.153333333333 -0.164 
-0.0253333333333 -0.168 -0.0213333333333 -0.156 
0.245333333333 -0.162666666667 0.256 -0.166666666667 
0.254666666667 -0.164 0.264 -0.165333333333 
-0.158666666667 -0.161333333333 -0.169333333333 -0.166666666667 
-0.0973333333333 -0.166666666667 -0.0946666666667 -0.141333333333 
-0.0293333333333 -0.157333333333 -0.0306666666667 -0.165333333333 
-0.262666666667 -0.158666666667 -0.254666666667 -0.162666666667 
-0.105333333333 -0.154666666667 -0.0986666666667 -0.16 
0.261333333333 -0.161333333333 0.252 -0.157333333333 
0.232 -0.16 0.229333333333 -0.152 
-0.0253333333333 -0.148 -0.028 -0.157333333333 
-0.252 -0.156 -0.26 -0.154666666667 
-0.0226666666667 -0.157333333333 -0.0226666666667 -0.148 
-0.00666666666667 -0.153333333333 0.0106666666667 -0.153333333333 
0.254666666667 -0.153333333333 0.26 -0.145333333333 
-0.394666666667 -0.145333333333 -0.398666666667 -0.153333333333 
-0.205333333333 -0.149333333333 -0.196 -0.149333333333 
-0.0986666666667 -0.145333333333 -0.104 -0.153333333333 
0.248 -0.146666666667 0.241333333333 -0.153333333333 
0.0106666666667 -0.149333333333 -0.00533333333333 -0.149333333333 
-0.248 -0.146666666667 -0.24 -0.148 
-0.192 -0.148 -0.173333333333 -0.145333333333 
-0.236 -0.146666666667 -0.242666666667 -0.141333333333 
0.257333333333 -0.146666666667 0.256 -0.129333333333 
-0.398666666667 -0.138666666667 -0.393333333333 -0.145333333333 
-0.194666666667 -0.145333333333 -0.202666666667 -0.144 
0.244 -0.132 0.245333333333 -0.145333333333 
-0.174666666667 -0.141333333333 -0.192 -0.142666666667 
-0.345333333333 -0.138666666667 -0.334666666667 -0.14 
-0.276 -0.14 -0.265333333333 -0.141333333333 
-0.0253333333333 -0.136 -0.0173333333333 -0.14 
-0.268 -0.134666666667 -0.261333333333 -0.14 
-0.394666666667 -0.133333333333 -0.4 -0.137333333333 
0.254666666667 -0.128 0.248 -0.137333333333 
-0.266666666667 -0.133333333333 -0.273333333333 -0.134666666667 
0.0186666666667 -0.133333333333 0.0306666666667 -0.132 
-0.0186666666667 -0.133333333333 -0.0266666666667 -0.133333333333 
-0.392 -0.113333333333 -0.397333333333 -0.132 
0.24 -0.124 0.244 -0.132 
0.0306666666667 -0.128 0.024 -0.128 
0.245333333333 -0.130666666667 0.246666666667 -0.12 
-0.389333333333 -0.128 -0.384 -0.0973333333333 
0.0333333333333 -0.125333333333 0.0413333333333 -0.125333333333 
0.258666666667 -0.128 0.26 -0.109333333333 
0.252 -0.113333333333 0.254666666667 -0.126666666667 
0.068 -0.122666666667 0.0573333333333 -0.121333333333 
0.04 -0.12 0.032 -0.122666666667 
0.0533333333333 -0.121333333333 0.04 -0.118666666667 
-0.238666666667 -0.109333333333 -0.189333333333 -0.114666666667 
-0.396 -0.0893333333333 -0.392 -0.113333333333 
0.250666666667 -0.114666666667 0.256 -0.108 
-0.304 -0.108 -0.297333333333 -0.106666666667 
-0.297333333333 -0.109333333333 -0.292 -0.092 
-0.246666666667 -0.0973333333333 -0.237333333333 -0.108 
-0.217333333333 -0.108 -0.244 -0.096 
-0.188 -0.109333333333 -0.217333333333 -0.108 
-0.325333333333 -0.101333333333 -0.328 -0.109333333333 
-0.304 -0.101333333333 -0.302666666667 -0.108 
0.246666666667 -0.108 0.253333333333 -0.104 
0.262666666667 -0.109333333333 0.252 -0.096 
-0.06 -0.104 -0.0493333333333 -0.1 
-0.109333333333 -0.0826666666667 -0.104 -0.102666666667 
-0.205333333333 -0.096 -0.188 -0.101333333333 
-0.101333333333 -0.101333333333 -0.102666666667 -0.084 
0.252 -0.0986666666667 0.242666666667 -0.1 
-0.302666666667 -0.0893333333333 -0.304 -0.1 
-0.052 -0.092 -0.06 -0.101333333333 
-0.386666666667 -0.0986666666667 -0.394666666667 -0.0866666666667 
-0.381333333333 -0.0973333333333 -0.374666666667 -0.092 
-0.233333333333 -0.0866666666667 -0.212 -0.0986666666667 
-0.182666666667 -0.096 -0.174666666667 -0.096 
-0.388 -0.0493333333333 -0.381333333333 -0.096 
-0.185333333333 -0.0973333333333 -0.2 -0.0906666666667 
-0.0293333333333 -0.096 -0.0293333333333 -0.088 
-0.0253333333333 -0.0746666666667 -0.036 -0.0946666666667 
0.246666666667 -0.06 0.245333333333 -0.0946666666667 
-0.208 -0.0946666666667 -0.244 -0.0746666666667 
-0.176 -0.088 -0.182666666667 -0.0946666666667 
0.248 -0.0933333333333 0.256 -0.0826666666667 
-0.374666666667 -0.092 -0.381333333333 -0.0386666666667 
-0.294666666667 -0.0893333333333 -0.304 -0.0893333333333 
-0.152 -0.0906666666667 -0.145333333333 -0.084 
-0.330666666667 -0.0853333333333 -0.322666666667 -0.0893333333333 
-0.324 -0.088 -0.316 -0.0826666666667 
-0.0293333333333 -0.088 -0.0186666666667 -0.0866666666667 
0.032 -0.0853333333333 0.044 -0.0853333333333 
0.048 -0.0853333333333 0.0613333333333 -0.0826666666667 
0.08 -0.0853333333333 0.0986666666667 -0.0773333333333 
0.234666666667 -0.0866666666667 0.241333333333 -0.0786666666667 
-0.252 -0.0813333333333 -0.236 -0.084 
-0.105333333333 -0.0813333333333 -0.12 -0.0826666666667 
-0.0213333333333 -0.0853333333333 -0.0213333333333 -0.076 
0.234666666667 -0.076 0.230666666667 -0.0853333333333 
-0.32 -0.0786666666667 -0.330666666667 -0.084 
0.257333333333 -0.084 0.250666666667 -0.0613333333333 
-0.317333333333 -0.0826666666667 -0.318666666667 -0.0506666666667 
-0.252 -0.072 -0.252 -0.0826666666667 
0.06 -0.0773333333333 0.032 -0.0813333333333 
0.08 -0.08 0.0746666666667 -0.0826666666667 
-0.178666666667 -0.0613333333333 -0.170666666667 -0.08 
-0.164 -0.0813333333333 -0.169333333333 -0.0573333333333 
0.096 -0.072 0.08 -0.08 
-0.325333333333 -0.0546666666667 -0.322666666667 -0.0786666666667 
0.244 -0.0746666666667 0.234666666667 -0.076 
-0.134666666667 -0.0666666666667 -0.126666666667 -0.076 
-0.126666666667 -0.076 -0.124 -0.072 
-0.244 -0.076 -0.242666666667 -0.0666666666667 
-0.024 -0.0586666666667 -0.024 -0.0746666666667 
-0.0213333333333 -0.0746666666667 -0.0173333333333 -0.0626666666667 
-0.245333333333 -0.0653333333333 -0.254666666667 -0.0746666666667 
-0.122666666667 -0.0733333333333 -0.122666666667 -0.064 
-0.232 -0.068 -0.22 -0.068 
-0.229333333333 -0.0586666666667 -0.230666666667 -0.0693333333333 
-0.154666666667 -0.0653333333333 -0.134666666667 -0.0653333333333 
-0.121333333333 -0.0653333333333 -0.128 -0.064 
0.0306666666667 -0.0626666666667 0.0373333333333 -0.064 
0.0373333333333 -0.064 0.0506666666667 -0.0586666666667 
0.188 -0.0413333333333 0.192 -0.0666666666667 
-0.190666666667 -0.0626666666667 -0.18 -0.064 
-0.161333333333 -0.06 -0.153333333333 -0.064 
-0.169333333333 -0.064 -0.173333333333 -0.0573333333333 
0.252 -0.0626666666667 0.262666666667 -0.056 
-0.218666666667 -0.06 -0.229333333333 -0.06 
-0.173333333333 -0.06 -0.190666666667 -0.0573333333333 
-0.134666666667 -0.0613333333333 -0.158666666667 -0.0573333333333 
0.254666666667 -0.0453333333333 0.248 -0.0613333333333 
-0.0186666666667 -0.0506666666667 -0.024 -0.06 
0.048 -0.0466666666667 0.0293333333333 -0.06 
0.048 -0.0573333333333 0.0533333333333 -0.0506666666667 
-0.330666666667 -0.0226666666667 -0.332 -0.0573333333333 
0.193333333333 -0.0573333333333 0.193333333333 -0.0386666666667 
-0.216 -0.0546666666667 -0.192 -0.0506666666667 
0.262666666667 -0.0573333333333 0.256 -0.044 
-0.322666666667 -0.0533333333333 -0.322666666667 0.0146666666667 
0.228 -0.0466666666667 0.233333333333 -0.052 
-0.164 -0.052 -0.164 -0.04 
-0.210666666667 -0.0466666666667 -0.217333333333 -0.052 
-0.397333333333 -0.036 -0.389333333333 -0.0493333333333 
-0.189333333333 -0.0466666666667 -0.212 -0.0466666666667 
-0.186666666667 -0.0386666666667 -0.185333333333 -0.0466666666667 
-0.181333333333 -0.0466666666667 -0.178666666667 -0.0386666666667 
0.248 -0.0306666666667 0.253333333333 -0.044 
-0.378666666667 -0.036 -0.390666666667 -0.0413333333333 
0.193333333333 -0.028 0.189333333333 -0.0413333333333 
0.256 -0.0426666666667 0.264 -0.0293333333333 
0.193333333333 -0.036 0.2 -0.04 
-0.390666666667 -0.04 -0.390666666667 -0.0306666666667 
0.205333333333 -0.0293333333333 0.209333333333 -0.0373333333333 
-0.393333333333 -0.0293333333333 -0.398666666667 -0.036 
0.2 -0.0346666666667 0.196 -0.028 
0.250666666667 -0.016 0.249333333333 -0.032 
0.261333333333 -0.0306666666667 0.253333333333 -0.016 
0.0693333333333 -0.0266666666667 0.0773333333333 -0.0266666666667 
0.213333333333 -0.0293333333333 0.209333333333 -0.0226666666667 
-0.373333333333 -0.00933333333333 -0.372 -0.0266666666667 
-0.370666666667 -0.0253333333333 -0.361333333333 0.0 
-0.336 -0.0133333333333 -0.328 -0.024 
0.0773333333333 -0.0226666666667 0.0693333333333 -0.0226666666667 
-0.389333333333 -0.0146666666667 -0.373333333333 -0.0106666666667 
0.237333333333 -0.016 0.242666666667 -0.00666666666667 
-0.388 -0.00533333333333 -0.388 -0.0146666666667 
-0.332 0.036 -0.333333333333 -0.0133333333333 
0.238666666667 0.0293333333333 0.234666666667 -0.0106666666667 
-0.365333333333 0.004 -0.388 -0.00533333333333 
0.242666666667 -0.00666666666667 0.246666666667 0.0266666666667 
0.190666666667 -0.00266666666667 0.193333333333 0.012 
-0.34 0.00933333333333 -0.34 0.0 
-0.362666666667 0.004 -0.356 0.008 
-0.372 0.0173333333333 -0.364 0.00533333333333 
0.194666666667 0.00666666666667 0.205333333333 0.008 
-0.0466666666667 0.00533333333333 -0.044 0.0133333333333 
0.184 0.0106666666667 0.190666666667 0.00933333333333 
-0.358666666667 0.008 -0.36 0.0133333333333 
-0.358666666667 0.016 -0.366666666667 0.0133333333333 
-0.353333333333 0.012 -0.348 0.0173333333333 
-0.0493333333333 0.0173333333333 -0.0493333333333 0.0106666666667 
0.186666666667 0.0533333333333 0.188 0.0106666666667 
0.201333333333 0.0146666666667 0.188 0.0146666666667 
0.22 0.0386666666667 0.221333333333 0.0133333333333 
-0.354666666667 0.0226666666667 -0.356 0.0146666666667 
-0.322666666667 0.016 -0.322666666667 0.04 
-0.349333333333 0.0173333333333 -0.353333333333 0.0346666666667 
0.225333333333 0.02 0.226666666667 0.036 
-0.361333333333 0.028 -0.354666666667 0.0226666666667 
0.192 0.024 0.201333333333 0.0253333333333 
0.242666666667 0.0253333333333 0.245333333333 0.032 
0.194666666667 0.0266666666667 0.193333333333 0.048 
-0.356 0.0346666666667 -0.36 0.028 
-0.126666666667 0.0373333333333 -0.112 0.0293333333333 
-0.325333333333 0.0413333333333 -0.329333333333 0.0346666666667 
-0.352 0.036 -0.329333333333 0.056 
-0.125333333333 0.044 -0.126666666667 0.036 
0.210666666667 0.044 0.221333333333 0.04 
-0.118666666667 0.04 -0.118666666667 0.0466666666667 
0.221333333333 0.0426666666667 0.228 0.044 
-0.345333333333 0.0533333333333 -0.356 0.04 
-0.136 0.0506666666667 -0.128 0.0426666666667 
0.208 0.0653333333333 0.212 0.044 
-0.32 0.0466666666667 -0.314666666667 0.0533333333333 
-0.125333333333 0.0466666666667 -0.129333333333 0.0546666666667 
0.193333333333 0.048 0.188 0.0546666666667 
0.225333333333 0.0493333333333 0.213333333333 0.0493333333333 
-0.346666666667 0.0546666666667 -0.34 0.052 
-0.270666666667 0.052 -0.258666666667 0.052 
-0.321333333333 0.0573333333333 -0.322666666667 0.0506666666667 
-0.269333333333 0.06 -0.269333333333 0.052 
-0.337333333333 0.0626666666667 -0.341333333333 0.0546666666667 
-0.256 0.0533333333333 -0.26 0.0613333333333 
-0.332 0.056 -0.332 0.0626666666667 
-0.262666666667 0.06 -0.269333333333 0.06 
0.213333333333 0.056 0.22 0.0653333333333 
-0.325333333333 0.0706666666667 -0.321333333333 0.0586666666667 
-0.117333333333 0.068 -0.0933333333333 0.0626666666667 
-0.0933333333333 0.064 -0.0746666666667 0.0746666666667 
-0.128 0.064 -0.134666666667 0.0626666666667 
-0.0333333333333 0.0733333333333 -0.0146666666667 0.064 
-0.317333333333 0.0626666666667 -0.32 0.076 
-0.0146666666667 0.068 0.0 0.0693333333333 
0.214666666667 0.0706666666667 0.209333333333 0.064 
0.22 0.0653333333333 0.214666666667 0.0706666666667 
-0.0653333333333 0.0693333333333 -0.056 0.0706666666667 
0.185333333333 0.0746666666667 0.190666666667 0.0693333333333 
-0.096 0.0746666666667 -0.116 0.0733333333333 
-0.00133333333333 0.0693333333333 -0.0133333333333 0.0786666666667 
0.192 0.0706666666667 0.192 0.0786666666667 
-0.338666666667 0.072 -0.332 0.096 
-0.321333333333 0.088 -0.325333333333 0.0706666666667 
-0.112 0.0786666666667 -0.117333333333 0.0706666666667 
-0.0333333333333 0.0826666666667 -0.0333333333333 0.072 
0.214666666667 0.0746666666667 0.225333333333 0.0746666666667 
-0.012 0.0746666666667 -0.0306666666667 0.0853333333333 
0.189333333333 0.0813333333333 0.184 0.0733333333333 
-0.334666666667 0.1 -0.344 0.0746666666667 
-0.32 0.0773333333333 -0.313333333333 0.084 
0.198666666667 0.0946666666667 0.2 0.076 
0.221333333333 0.084 0.210666666667 0.076 
-0.0746666666667 0.08 -0.096 0.0866666666667 
-0.102666666667 0.0813333333333 -0.0933333333333 0.0813333333333 
-0.044 0.0826666666667 -0.0426666666667 0.0906666666667 
-0.313333333333 0.084 -0.321333333333 0.088 
-0.112 0.0906666666667 -0.104 0.088 
-0.102666666667 0.0866666666667 -0.101333333333 0.0933333333333 
0.205333333333 0.0866666666667 0.202666666667 0.0986666666667 
-0.328 0.0986666666667 -0.324 0.088 
-0.125333333333 0.0893333333333 -0.116 0.092 
-0.322666666667 0.0893333333333 -0.313333333333 0.104 
-0.00933333333333 0.0973333333333 0.0 0.0946666666667 
-0.1 0.0933333333333 -0.105333333333 0.0986666666667 
-0.122666666667 0.096 -0.118666666667 0.1 
0.188 0.0973333333333 0.193333333333 0.1 
-0.321333333333 0.108 -0.334666666667 0.0973333333333 
0.124 0.104 0.132 0.0973333333333 
0.00666666666667 0.0986666666667 -0.00533333333333 0.101333333333 
0.136 0.0986666666667 0.129333333333 0.108 
0.193333333333 0.0986666666667 0.185333333333 0.181333333333 
0.188 0.109333333333 0.184 0.0986666666667 
-0.32 0.105333333333 -0.313333333333 0.105333333333 
-0.112 0.106666666667 -0.102666666667 0.104 
-0.102666666667 0.102666666667 -0.0986666666667 0.108 
-0.32 0.110666666667 -0.312 0.112 
-0.1 0.110666666667 -0.110666666667 0.110666666667 
0.172 0.202666666667 0.185333333333 0.109333333333 
-0.322666666667 0.117333333333 -0.324 0.109333333333 
-0.316 0.118666666667 -0.325333333333 0.118666666667 
-0.012 0.117333333333 -0.004 0.12 
-0.136 0.118666666667 -0.128 0.129333333333 
-0.00666666666667 0.129333333333 -0.0133333333333 0.117333333333 
-0.321333333333 0.132 -0.317333333333 0.122666666667 
-0.316 0.124 -0.309333333333 0.124 
-0.00133333333333 0.122666666667 -0.00266666666667 0.129333333333 
-0.313333333333 0.128 -0.306666666667 0.126666666667 
-0.116 0.125333333333 -0.116 0.132 
-0.121333333333 0.133333333333 -0.121333333333 0.126666666667 
-0.176 0.133333333333 -0.164 0.130666666667 
-0.165333333333 0.129333333333 -0.157333333333 0.134666666667 
-0.310666666667 0.129333333333 -0.314666666667 0.14 
-0.308 0.189333333333 -0.321333333333 0.132 
-0.229333333333 0.141333333333 -0.218666666667 0.137333333333 
-0.162666666667 0.137333333333 -0.176 0.134666666667 
-0.0413333333333 0.136 -0.0333333333333 0.137333333333 
-0.313333333333 0.14 -0.305333333333 0.16 
-0.217333333333 0.14 -0.217333333333 0.145333333333 
-0.0306666666667 0.142666666667 -0.0413333333333 0.14 
-0.00133333333333 0.141333333333 -0.00266666666667 0.146666666667 
-0.22 0.146666666667 -0.229333333333 0.144 
0.0533333333333 0.142666666667 0.0466666666667 0.148 
-0.0626666666667 0.148 -0.056 0.152 
0.0146666666667 0.158666666667 0.016 0.152 
-0.102666666667 0.16 -0.0893333333333 0.16 
-0.0893333333333 0.16 -0.0826666666667 0.162666666667 
0.064 0.157333333333 0.068 0.165333333333 
-0.304 0.16 -0.309333333333 0.168 
-0.102666666667 0.165333333333 -0.0946666666667 0.164 
-0.0866666666667 0.165333333333 -0.0973333333333 0.165333333333 
-0.0613333333333 0.169333333333 -0.0533333333333 0.165333333333 
-0.044 0.169333333333 -0.028 0.165333333333 
-0.0293333333333 0.166666666667 -0.0226666666667 0.169333333333 
0.0626666666667 0.169333333333 0.06 0.162666666667 
-0.129333333333 0.177333333333 -0.116 0.168 
-0.308 0.168 -0.298666666667 0.186666666667 
-0.114666666667 0.170666666667 -0.112 0.176 
-0.0493333333333 0.172 -0.06 0.172 
-0.114666666667 0.178666666667 -0.088 0.18 
-0.0893333333333 0.182666666667 0.0106666666667 0.184 
-0.121333333333 0.184 -0.113333333333 0.178666666667 
-0.162666666667 0.182666666667 -0.12 0.182666666667 
0.012 0.188 0.0293333333333 0.184 
0.0306666666667 0.182666666667 0.0453333333333 0.182666666667 
0.186666666667 0.18 0.178666666667 0.188 
0.0453333333333 0.181333333333 0.0453333333333 0.194666666667 
-0.161333333333 0.192 -0.161333333333 0.182666666667 
-0.302666666667 0.190666666667 -0.310666666667 0.189333333333 
-0.298666666667 0.186666666667 -0.266666666667 0.249333333333 
-0.048 0.194666666667 -0.124 0.188 
-0.122666666667 0.189333333333 -0.133333333333 0.197333333333 
-0.012 0.192 -0.0466666666667 0.192 
-0.302666666667 0.2 -0.296 0.189333333333 
0.044 0.197333333333 -0.00666666666667 0.190666666667 
0.18 0.188 0.18 0.202666666667 
-0.201333333333 0.189333333333 -0.197333333333 0.194666666667 
-0.133333333333 0.194666666667 -0.166666666667 0.194666666667 
-0.048 0.189333333333 -0.0466666666667 0.198666666667 
-0.201333333333 0.201333333333 -0.202666666667 0.193333333333 
-0.194666666667 0.194666666667 -0.196 0.202666666667 
-0.12 0.198666666667 -0.109333333333 0.201333333333 
-0.293333333333 0.213333333333 -0.304 0.198666666667 
-0.101333333333 0.202666666667 -0.092 0.201333333333 
0.161333333333 0.218666666667 0.170666666667 0.2 
0.178666666667 0.2 0.170666666667 0.218666666667 
-0.110666666667 0.206666666667 -0.118666666667 0.202666666667 
-0.0346666666667 0.206666666667 -0.0253333333333 0.205333333333 
-0.0893333333333 0.206666666667 -0.0986666666667 0.208 
-0.0226666666667 0.208 -0.0293333333333 0.210666666667 
0.0653333333333 0.218666666667 0.0746666666667 0.216 
0.170666666667 0.217333333333 0.165333333333 0.22 
0.144 0.245333333333 0.16 0.218666666667 
0.165333333333 0.221333333333 0.148 0.257333333333 
-0.272 0.262666666667 -0.288 0.218666666667 
0.0786666666667 0.222666666667 0.0706666666667 0.222666666667 
-0.08 0.228 -0.0546666666667 0.225333333333 
-0.052 0.225333333333 -0.0586666666667 0.232 
-0.0586666666667 0.232 -0.0746666666667 0.233333333333 
-0.0426666666667 0.229333333333 -0.048 0.24 
-0.0613333333333 0.24 -0.048 0.236 
-0.169333333333 0.242666666667 -0.169333333333 0.234666666667 
-0.164 0.236 -0.164 0.245333333333 
-0.064 0.246666666667 -0.0613333333333 0.237333333333 
-0.0533333333333 0.24 -0.0533333333333 0.249333333333 
-0.0813333333333 0.246666666667 -0.068 0.250666666667 
-0.0546666666667 0.246666666667 -0.0626666666667 0.250666666667 
0.146666666667 0.250666666667 0.142666666667 0.244 
-0.269333333333 0.249333333333 -0.270666666667 0.264 
-0.258666666667 0.254666666667 -0.250666666667 0.253333333333 
-0.185333333333 0.254666666667 -0.174666666667 0.253333333333 
-0.117333333333 0.253333333333 -0.109333333333 0.254666666667 
-0.068 0.256 -0.084 0.252 
0.14 0.256 0.148 0.252 
-0.173333333333 0.257333333333 -0.182666666667 0.258666666667 
0.146666666667 0.270666666667 0.142666666667 0.256 
0.150666666667 0.258666666667 0.152 0.272 
-0.258666666667 0.269333333333 -0.249333333333 0.268 
-0.246666666667 0.269333333333 -0.246666666667 0.276 
-0.278666666667 0.270666666667 -0.274666666667 0.278666666667 
0.144 0.289333333333 0.145333333333 0.270666666667 
-0.252 0.278666666667 -0.258666666667 0.270666666667 
-0.28 0.28 -0.281333333333 0.273333333333 
-0.246666666667 0.276 -0.250666666667 0.28 
0.146666666667 0.274666666667 0.154666666667 0.276 
0.150666666667 0.276 0.150666666667 0.309333333333 
-0.146666666667 0.284 -0.14 0.281333333333 
-0.14 0.290666666667 -0.148 0.286666666667 
0.145333333333 0.294666666667 0.145333333333 0.288 
-0.245333333333 0.290666666667 -0.237333333333 0.294666666667 
-0.08 0.305333333333 -0.0786666666667 0.296 
-0.0773333333333 0.296 -0.072 0.304 
0.142666666667 0.3 0.146666666667 0.296 
-0.28 0.301333333333 -0.285333333333 0.296 
-0.237333333333 0.304 -0.225333333333 0.304 
0.145333333333 0.310666666667 0.145333333333 0.301333333333 
-0.232 0.312 -0.24 0.308 
-0.224 0.310666666667 -0.233333333333 0.312 
0.142666666667 0.318666666667 0.150666666667 0.317333333333 
0.152 0.321333333333 0.144 0.322666666667 
-0.216 0.330666666667 -0.208 0.333333333333 
-0.284 0.342666666667 -0.282666666667 0.329333333333 
-0.209333333333 0.333333333333 -0.206666666667 0.344 
-0.28 0.334666666667 -0.277333333333 0.342666666667 
-0.212 0.34 -0.218666666667 0.334666666667 
-0.198666666667 0.354666666667 -0.197333333333 0.348 
0.149333333333 0.364 0.149333333333 0.348 
0.154666666667 0.348 0.153333333333 0.364 
-0.284 0.357333333333 -0.282666666667 0.365333333333 
-0.290666666667 0.368 -0.289333333333 0.36 
-0.184 0.364 -0.173333333333 0.368 
-0.181333333333 0.370666666667 -0.186666666667 0.364 
-0.285333333333 0.373333333333 -0.289333333333 0.365333333333 
-0.282666666667 0.365333333333 -0.281333333333 0.373333333333 
-0.177333333333 0.372 -0.184 0.372 
-0.165333333333 0.373333333333 -0.156 0.381333333333 
-0.265333333333 0.374666666667 -0.26 0.382666666667 
-0.270666666667 0.384 -0.266666666667 0.378666666667 
-0.16 0.386666666667 -0.170666666667 0.377333333333 
-0.144 0.38 -0.14 0.386666666667 
0.150666666667 0.386666666667 0.146666666667 0.378666666667 
-0.272 0.384 -0.266666666667 0.385333333333 
-0.26 0.384 -0.265333333333 0.388 
-0.145333333333 0.390666666667 -0.150666666667 0.385333333333 
0.158666666667 0.388 0.157333333333 0.394666666667 

