-0.2125 0.35 -0.205 0.35 
-0.2005 0.35 -0.205 0.356 
-0.1675 0.39533 -0.163 0.39667 
-0.1735 0.40467 -0.181 0.416 
-0.17875 0.42333 -0.1885 0.43533 
-0.193 0.44533 -0.18925 0.45 
-0.19525 0.452 -0.193 0.45933 
-0.18925 0.45933 -0.19675 0.46733 
-0.1915 0.49 -0.17275 0.506 
-0.1705 0.504 -0.163 0.50867 
-0.166 0.51333 -0.169 0.51533 
-0.16825 0.518 -0.17125 0.52333 
-0.1705 0.52533 -0.16975 0.53333 
-0.16825 0.53533 -0.16225 0.52733 
-0.15775 0.52867 -0.1525 0.52867 
-0.14875 0.528 -0.1405 0.51733 
-0.1375 0.516 -0.13525 0.52 
-0.13 0.51667 -0.13 0.514 
-0.12775 0.50867 -0.12925 0.50533 
-0.1315 0.508 -0.12475 0.50533 
-0.124 0.502 -0.1195 0.508 
-0.121 0.51133 -0.12025 0.514 
-0.1165 0.518 -0.1135 0.51933 
-0.112 0.518 -0.11425 0.51467 
-0.10675 0.514 -0.1075 0.51 
-0.10825 0.504 -0.11425 0.50333 
-0.10375 0.49933 -0.09475 0.50133 
-0.094 0.49933 -0.094 0.506 
-0.09175 0.50867 -0.0985 0.51067 
-0.0745 0.51133 -0.067 0.51333 
-0.06325 0.514 -0.064 0.516 
-0.06625 0.50933 -0.05575 0.52 
-0.05725 0.52267 -0.05875 0.526 
-0.05725 0.52733 -0.05125 0.52467 
-0.049 0.53267 -0.058 0.53733 
-0.06175 0.53267 -0.0685 0.534 
-0.0745 0.54 -0.07675 0.53867 
-0.07825 0.542 -0.0835 0.54133 
-0.08575 0.544 -0.0895 0.54333 
-0.08425 0.54867 -0.08425 0.55333 
-0.0805 0.558 -0.07825 0.56 
-0.076 0.562 -0.073 0.558 
-0.07225 0.556 -0.067 0.552 
-0.06625 0.54867 -0.06475 0.54267 
-0.05875 0.548 -0.067 0.56067 
-0.067 0.56467 -0.07075 0.56467 
-0.06925 0.57 -0.073 0.57067 
-0.073 0.578 -0.07 0.578 
-0.0685 0.58333 -0.06475 0.58067 
-0.0595 0.57533 -0.0565 0.57133 
-0.058 0.57 -0.05575 0.584 
-0.05575 0.58733 -0.06025 0.59067 
-0.064 0.58867 -0.06775 0.59067 
-0.06475 0.59467 -0.06775 0.60133 
-0.0655 0.604 -0.0655 0.612 
-0.0625 0.612 -0.05425 0.596 
-0.05275 0.59267 -0.046 0.59533 
-0.04525 0.59867 -0.03775 0.59333 
-0.037 0.59 -0.0415 0.588 
-0.04675 0.586 -0.0475 0.58133 
-0.0445 0.57533 -0.04225 0.57067 
-0.03775 0.574 -0.03775 0.576 
-0.0325 0.57533 -0.025 0.57333 
-0.02425 0.57533 -0.016 0.572 
-0.01 0.57067 -0.0115 0.58133 
-0.0115 0.586 -0.0115 0.58867 
-0.01675 0.588 -0.0175 0.58467 
-0.016 0.58333 -0.00325 0.59 
0.002 0.588 0.00275 0.59067 
0.00575 0.59 0.005 0.59333 
0.011 0.59267 0.01475 0.588 
0.01325 0.58467 0.002 0.574 
0.01175 0.56133 0.01325 0.556 
0.0095 0.554 0.0125 0.55 
0.008 0.54667 0.008 0.54467 
0.00575 0.54733 0.0125 0.54 
0.017 0.53533 0.01475 0.53133 
0.011 0.53133 0.01175 0.528 
0.008 0.52933 0.0065 0.524 
0.0035 0.52133 0.002 0.524 
-0.0025 0.52733 -0.007 0.52867 
0.00425 0.536 0.0035 0.51733 
0.00725 0.51733 0.00725 0.514 
0.008 0.50867 0.0065 0.506 
0.011 0.50733 0.01475 0.50467 
0.02 0.51 0.02225 0.50667 
0.02525 0.512 0.02375 0.514 
0.02525 0.51667 0.0275 0.51467 
0.0305 0.518 0.03125 0.52133 
0.026 0.52 0.03875 0.52133 
0.03875 0.518 0.04175 0.51933 
0.044 0.52067 0.047 0.51067 
0.05 0.508 0.053 0.51133 
0.05375 0.51667 0.056 0.52 
0.062 0.51733 0.0635 0.514 
0.0665 0.514 0.0665 0.51067 
0.06425 0.50667 0.06425 0.50133 
0.056 0.5 0.05525 0.49667 
0.05375 0.50467 0.047 0.49667 
0.047 0.49467 0.038 0.496 
0.03725 0.494 0.0395 0.502 
0.041 0.506 0.0305 0.50333 
0.029 0.50467 0.029 0.53267 
0.02525 0.53667 0.02375 0.53867 
0.029 0.544 0.02825 0.54733 
0.0335 0.54 0.035 0.53867 
0.03875 0.53533 0.0395 0.53267 
0.0425 0.53533 0.04475 0.54 
0.0485 0.53467 0.0485 0.532 
0.059 0.532 0.059 0.534 
0.06125 0.53667 0.06125 0.53867 
0.053 0.544 0.0545 0.548 
0.07175 0.54133 0.07325 0.546 
0.0875 0.538 0.09425 0.54067 
0.098 0.54067 0.10325 0.538 
0.1055 0.53867 0.10925 0.53533 
0.10925 0.53267 0.11525 0.53 
0.11975 0.52867 0.1235 0.52933 
0.12875 0.53333 0.13775 0.53267 
0.1445 0.52 0.1415 0.51867 
0.146 0.51467 0.14975 0.51333 
0.14825 0.52 0.146 0.50333 
0.143 0.504 0.14075 0.50333 
0.1385 0.50467 0.146 0.5 
0.14225 0.49067 0.14375 0.48867 
0.1475 0.48467 0.1505 0.48467 
0.1445 0.48 0.143 0.48133 
0.14 0.48067 0.14 0.47867 
0.14 0.47267 0.137 0.468 
0.137 0.46467 0.13775 0.46267 
0.13925 0.45733 0.13625 0.45533 
0.14 0.45133 0.13925 0.44933 
0.14225 0.44867 0.146 0.45333 
0.14975 0.46 0.149 0.46333 
0.1475 0.47 0.131 0.476 
0.128 0.482 0.11675 0.47933 
0.11525 0.48067 0.11225 0.484 
0.11525 0.492 0.11225 0.49267 
0.104 0.49067 0.101 0.48933 
0.0965 0.484 0.098 0.48 
0.10025 0.478 0.1025 0.47533 
0.0965 0.474 0.09275 0.47067 
0.0965 0.46867 0.09425 0.47933 
0.09125 0.48333 0.09125 0.48533 
0.09275 0.492 0.0935 0.49933 
0.0905 0.504 0.09275 0.50867 
0.09875 0.51533 0.10175 0.51333 
0.10625 0.51733 0.11375 0.518 
0.11375 0.52267 0.1175 0.524 
0.11825 0.516 0.11075 0.508 
0.1085 0.50867 0.11 0.50467 
0.1025 0.5 0.0785 0.516 
0.07775 0.518 0.07925 0.52067 
0.0815 0.52 0.07925 0.52333 
0.07475 0.51933 0.07325 0.518 
0.07175 0.52 0.068 0.51867 
0.06725 0.52133 0.07325 0.512 
0.09425 0.53133 0.10925 0.55267 
0.113 0.55667 0.1115 0.558 
0.1145 0.558 0.11675 0.55733 
0.11825 0.55 0.11375 0.54867 
0.10775 0.55867 0.10925 0.56467 
0.11225 0.57 0.11825 0.57133 
0.119 0.566 0.12425 0.564 
0.12425 0.56933 0.13025 0.56867 
0.1355 0.56733 0.134 0.55733 
0.13175 0.55733 0.12725 0.55733 
0.12725 0.54867 0.14075 0.55667 
0.116 0.58067 0.11225 0.57867 
0.11225 0.58667 0.107 0.586 
0.10175 0.56933 0.10175 0.614 
0.10325 0.61533 0.10325 0.62067 
0.10025 0.62067 0.1145 0.614 
0.1205 0.61067 0.125 0.614 
0.1265 0.61267 0.1265 0.61733 
0.12575 0.62 0.131 0.62133 
0.12125 0.63133 0.1205 0.64933 
0.113 0.654 0.1025 0.65267 
0.0995 0.648 0.107 0.68333 
0.11 0.69067 0.1025 0.70533 
0.101 0.708 0.101 0.71 
0.10175 0.71333 0.10325 0.72067 
0.10325 0.72867 0.1085 0.734 
0.11075 0.73267 0.11075 0.74 
0.11225 0.74133 0.113 0.74867 
0.11075 0.74867 0.11225 0.72 
0.11675 0.71467 0.119 0.71667 
0.1265 0.714 0.134 0.718 
0.13625 0.72067 0.13625 0.724 
0.1355 0.726 0.13475 0.73 
0.1415 0.73667 0.14825 0.72 
0.146 0.71733 0.14675 0.71067 
0.15125 0.71 0.155 0.708 
0.161 0.70867 0.161 0.71333 
0.161 0.72267 0.161 0.72533 
0.161 0.73933 0.16175 0.744 
0.1475 0.706 0.152 0.69067 
0.15125 0.68733 0.161 0.68333 
0.16175 0.68533 0.161 0.692 
0.161 0.696 0.158 0.67733 
0.16025 0.674 0.15275 0.67133 
0.09725 0.70267 0.086 0.70667 
0.086 0.70867 0.083 0.70667 
0.0875 0.716 0.0875 0.718 
0.07325 0.696 0.0695 0.69267 
0.0785 0.68867 0.0815 0.68267 
0.08525 0.68133 0.08675 0.68733 
0.05375 0.70533 0.0545 0.70733 
0.0485 0.70867 0.04475 0.70733 
0.0305 0.72467 0.0245 0.72267 
0.017 0.72667 0.01775 0.72867 
-0.031 0.71867 -0.0325 0.71533 
-0.04225 0.72 -0.043 0.718 
-0.0505 0.72733 -0.05125 0.73 
-0.058 0.72533 -0.05725 0.71867 
-0.061 0.71933 -0.06475 0.71467 
-0.067 0.71533 -0.07375 0.70867 
-0.076 0.70933 -0.076 0.704 
-0.082 0.702 -0.082 0.7 
-0.09325 0.674 -0.097 0.668 
-0.0925 0.64867 -0.09325 0.64467 
-0.08875 0.642 -0.088 0.64533 
-0.08425 0.648 -0.08125 0.64667 
-0.07975 0.65067 -0.07375 0.65267 
-0.06925 0.652 -0.067 0.65267 
-0.0655 0.65 -0.0595 0.65333 
-0.06025 0.65533 -0.05275 0.65867 
-0.04 0.67 -0.037 0.67333 
-0.02875 0.66933 -0.02725 0.67067 
-0.02575 0.66733 -0.01225 0.674 
-0.00175 0.66867 0.01175 0.65933 
0.01025 0.65733 0.01925 0.64867 
0.023 0.65 0.02825 0.64667 
0.03275 0.648 0.03275 0.64333 
0.035 0.64 0.03725 0.64 
0.03725 0.638 0.0395 0.634 
0.0365 0.632 0.03125 0.632 
0.02375 0.63067 0.02225 0.63333 
0.02075 0.628 0.01475 0.63067 
0.0185 0.638 0.0095 0.63733 
0.00425 0.63333 0.00425 0.62533 
-0.00775 0.62667 -0.00775 0.62333 
-0.01525 0.62733 -0.022 0.62667 
-0.022 0.62933 -0.0265 0.63067 
-0.0265 0.62733 -0.031 0.626 
-0.03325 0.628 -0.0415 0.62933 
-0.0445 0.62733 -0.04675 0.63133 
-0.04675 0.636 -0.04225 0.63933 
-0.02575 0.638 -0.019 0.64067 
-0.013 0.636 0.008 0.59933 
0.01175 0.60067 0.01625 0.56667 
0.01775 0.56333 -0.03025 0.59533 
-0.0595 0.63267 -0.05875 0.63467 
-0.05875 0.63733 -0.0625 0.64133 
-0.0655 0.636 -0.07075 0.64267 
-0.07225 0.64733 -0.07675 0.644 
-0.0775 0.63867 -0.0775 0.63267 
-0.082 0.63267 -0.082 0.63067 
-0.0865 0.63 -0.0895 0.62867 
-0.0835 0.62533 -0.079 0.62333 
-0.07975 0.61933 -0.07375 0.63 
-0.09325 0.574 -0.09925 0.57267 
-0.10375 0.578 -0.106 0.576 
-0.0865 0.57 -0.0835 0.56333 
-0.08125 0.56133 -0.0745 0.54667 
-0.09775 0.54533 -0.10075 0.544 
-0.0985 0.55067 -0.1075 0.55533 
-0.109 0.54733 -0.109 0.54467 
-0.121 0.55533 -0.1375 0.55467 
-0.1375 0.55 -0.14425 0.55 
-0.1435 0.554 -0.1555 0.54667 
-0.1585 0.54867 -0.16075 0.546 
-0.166 0.55467 -0.1705 0.55533 
-0.16075 0.55867 -0.1585 0.56733 
-0.1615 0.56933 -0.1615 0.57267 
-0.1705 0.56933 -0.17725 0.568 
-0.178 0.57667 -0.172 0.57667 
-0.172 0.58 -0.17125 0.582 
-0.17425 0.58333 -0.16225 0.58733 
-0.15025 0.57533 -0.14425 0.60267 
-0.145 0.60467 -0.148 0.60667 
-0.15025 0.606 -0.1435 0.612 
-0.142 0.61933 -0.14875 0.61933 
-0.1525 0.61733 -0.15775 0.61733 
-0.157 0.62133 -0.16375 0.61733 
-0.14275 0.62667 -0.13675 0.634 
-0.13525 0.64267 -0.1375 0.64467 
-0.1345 0.65467 -0.1315 0.662 
-0.1315 0.66533 -0.12775 0.66267 
-0.1255 0.67467 -0.121 0.67733 
-0.121 0.68867 -0.12175 0.69667 
-0.1255 0.69533 -0.13075 0.70133 
-0.13075 0.718 -0.13 0.724 
-0.1285 0.72667 -0.12625 0.726 
-0.13375 0.73733 -0.133 0.74333 
-0.133 0.74867 -0.13825 0.74867 
-0.1435 0.74333 -0.14575 0.74133 
-0.15025 0.736 -0.14275 0.728 
-0.157 0.71667 -0.16 0.71267 
-0.178 0.72067 -0.1795 0.71933 
-0.1855 0.72333 -0.18175 0.72733 
-0.18925 0.73 -0.1915 0.72867 
-0.1945 0.72333 -0.2005 0.72267 
-0.20275 0.72067 -0.20425 0.722 
-0.20125 0.71933 -0.2065 0.718 
-0.208 0.724 -0.21025 0.724 
-0.2125 0.72867 -0.205 0.736 
-0.202 0.73733 -0.199 0.73733 
-0.199 0.73533 -0.205 0.74867 
-0.2095 0.74933 -0.2065 0.65267 
-0.2095 0.64333 -0.196 0.64333 
-0.196 0.64 -0.19075 0.63533 
-0.19075 0.63333 -0.18175 0.634 
-0.18325 0.63867 -0.18025 0.64 
-0.18325 0.64267 -0.18775 0.64933 
-0.2095 0.62933 -0.20725 0.61667 
-0.20575 0.57733 -0.208 0.57667 
-0.208 0.57467 -0.205 0.574 
-0.187 0.55467 -0.184 0.554 
-0.18325 0.54333 -0.181 0.54333 
-0.17875 0.54333 -0.172 0.54467 
-0.187 0.53933 -0.18925 0.53867 
-0.19375 0.54267 -0.18775 0.53133 
-0.1825 0.52933 -0.1825 0.52733 
-0.16 0.5 -0.15625 0.49933 
-0.154 0.498 -0.15175 0.49133 
-0.148 0.48267 -0.1405 0.48667 
-0.1375 0.48733 -0.133 0.486 
-0.12325 0.478 -0.11875 0.48467 
-0.115 0.47533 -0.1105 0.47267 
-0.10375 0.47267 -0.09775 0.474 
-0.0955 0.46467 -0.10225 0.45733 
-0.1015 0.454 -0.12175 0.46067 
-0.1255 0.46667 -0.10525 0.48333 
-0.091 0.482 -0.08425 0.48467 
-0.082 0.48333 -0.08125 0.47667 
-0.0805 0.474 -0.06475 0.48133 
-0.0655 0.48333 -0.06475 0.48667 
-0.058 0.48467 -0.05275 0.49 
-0.04825 0.488 -0.0445 0.49333 
-0.0475 0.49467 -0.04225 0.50267 
-0.04225 0.50667 -0.03775 0.508 
-0.03925 0.51067 -0.037 0.51133 
-0.0355 0.50533 -0.031 0.504 
-0.0325 0.5 -0.03625 0.50067 
-0.02425 0.49933 -0.0205 0.50133 
-0.01825 0.50333 -0.01525 0.50467 
-0.01975 0.50667 -0.0235 0.504 
-0.013 0.49867 -0.01675 0.49333 
-0.0145 0.49 -0.01225 0.49133 
-0.0115 0.486 -0.00925 0.482 
-0.007 0.484 -0.0055 0.486 
0.002 0.484 0.005 0.482 
0.01025 0.476 0.01475 0.46933 
0.01925 0.46533 0.02075 0.458 
0.026 0.456 0.02825 0.458 
0.03725 0.45067 0.0365 0.44867 
0.03425 0.43 0.0305 0.42867 
0.029 0.41467 0.02675 0.41267 
0.01925 0.414 0.01625 0.412 
0.011 0.40867 0.01025 0.40333 
0.00275 0.398 -0.00175 0.39467 
-0.00775 0.39133 -0.01 0.38867 
-0.00475 0.38667 0.0005 0.38667 
0.01025 0.38533 0.01475 0.38667 
0.0155 0.38933 0.01775 0.38933 
0.02075 0.37867 0.02375 0.376 
0.0275 0.372 0.02975 0.36733 
0.0395 0.364 0.03725 0.35867 
0.03575 0.35067 0.03275 0.35067 
0.02375 0.35333 0.02375 0.356 
0.02 0.35867 0.01925 0.36133 
0.00875 0.36867 0.0095 0.37133 
0.011 0.37333 0.01325 0.37467 
0.014 0.37667 -0.001 0.376 
-0.00325 0.37467 -0.01075 0.372 
-0.01225 0.36867 -0.0145 0.36533 
-0.016 0.35867 -0.016 0.35667 
-0.02725 0.35867 -0.02875 0.356 
-0.03325 0.36733 -0.03775 0.36867 
-0.03625 0.37133 -0.03325 0.37333 
-0.03325 0.37533 -0.02725 0.37867 
-0.03175 0.38467 -0.028 0.392 
-0.02875 0.39467 -0.025 0.4 
-0.022 0.40267 -0.01975 0.406 
-0.01825 0.408 -0.02125 0.41667 
-0.019 0.41733 -0.019 0.424 
-0.01675 0.426 -0.01675 0.432 
-0.01375 0.43467 -0.01 0.43 
-0.007 0.418 -0.007 0.414 
-0.0115 0.398 -0.0175 0.38467 
-0.01825 0.38133 -0.019 0.37933 
-0.01675 0.37733 -0.0145 0.378 
-0.013 0.37933 -0.004 0.362 
-0.0025 0.36 -0.00025 0.35933 
0.0005 0.356 0.0305 0.38267 
0.02975 0.38467 0.038 0.38867 
0.03875 0.39133 0.035 0.39867 
0.03425 0.402 0.0365 0.40533 
0.04025 0.41 0.0425 0.41067 
0.04925 0.40067 0.0515 0.40133 
0.05525 0.404 0.0515 0.39667 
0.04925 0.39533 0.047 0.39467 
0.05675 0.392 0.0575 0.39 
0.05825 0.388 0.0575 0.394 
0.05975 0.39667 0.0635 0.39333 
0.071 0.394 0.07325 0.392 
0.0785 0.39533 0.08 0.39733 
0.083 0.394 0.08225 0.39133 
0.0875 0.392 0.08975 0.39133 
0.0935 0.39667 0.0995 0.39733 
0.104 0.396 0.10625 0.40267 
0.10775 0.40667 0.11375 0.41067 
0.11525 0.40933 0.119 0.41133 
0.1205 0.408 0.1235 0.41133 
0.1235 0.414 0.119 0.41933 
0.12725 0.42133 0.128 0.41933 
0.12725 0.42467 0.13175 0.42533 
0.13175 0.432 0.13175 0.434 
0.125 0.438 0.12275 0.434 
0.12125 0.432 0.11975 0.43 
0.11375 0.43133 0.11525 0.43733 
0.1175 0.43733 0.11975 0.44333 
0.11525 0.448 0.1115 0.44867 
0.11075 0.45333 0.1115 0.45533 
0.1025 0.454 0.10175 0.452 
0.08375 0.44733 0.0815 0.44867 
0.08525 0.43933 0.07625 0.438 
0.074 0.438 0.07325 0.42933 
0.06875 0.42067 0.0665 0.41933 
0.06275 0.42067 0.0605 0.42133 
0.062 0.41267 0.068 0.41267 
0.07025 0.41467 0.07475 0.41467 
0.07025 0.40933 0.07025 0.40333 
0.0665 0.40067 0.07325 0.39933 
0.08075 0.40667 0.083 0.406 
0.083 0.40867 0.08525 0.41133 
0.0875 0.41467 0.09275 0.412 
0.09725 0.418 0.10025 0.414 
0.11225 0.41267 0.11825 0.40267 
0.1205 0.40267 0.119 0.4 
0.11675 0.39667 0.11225 0.396 
0.1115 0.394 0.11825 0.382 
0.1205 0.38333 0.125 0.38267 
0.1265 0.38067 0.12725 0.384 
0.13175 0.38733 0.13175 0.38933 
0.13775 0.38733 0.1385 0.39 
0.13925 0.392 0.1385 0.398 
0.1415 0.40267 0.14375 0.40467 
0.14225 0.41 0.143 0.41267 
0.14675 0.41533 0.1505 0.41933 
0.152 0.422 0.158 0.42533 
0.161 0.43 0.161 0.43333 
0.16175 0.43867 0.161 0.44067 
0.14525 0.434 0.1445 0.432 
0.14 0.43733 0.13625 0.44067 
0.13625 0.44467 0.13025 0.45133 
0.12575 0.44667 0.11975 0.46 
0.119 0.46467 0.071 0.47 
0.07175 0.476 0.05375 0.468 
0.05375 0.464 0.04175 0.47667 
0.00725 0.464 0.0005 0.46533 
0.00125 0.472 -0.0055 0.46867 
-0.031 0.48533 -0.031 0.48733 
-0.04225 0.48533 -0.049 0.51 
-0.043 0.518 -0.0145 0.51467 
-0.01075 0.512 -0.028 0.42333 
-0.0295 0.42133 -0.04 0.42533 
-0.0415 0.42267 -0.04675 0.41667 
-0.04825 0.41533 -0.055 0.40933 
-0.0595 0.414 -0.0625 0.41133 
-0.06025 0.40267 -0.06325 0.39133 
-0.061 0.38867 -0.06325 0.384 
-0.06175 0.38267 -0.0595 0.38267 
-0.06625 0.384 -0.06775 0.37733 
-0.0685 0.37333 -0.07075 0.37 
-0.07225 0.368 -0.073 0.36533 
-0.07075 0.36267 -0.0625 0.36 
-0.061 0.36467 -0.06025 0.36667 
-0.05575 0.36667 -0.0625 0.37467 
-0.0715 0.39 -0.082 0.38933 
-0.082 0.38667 -0.0835 0.37533 
-0.079 0.368 -0.08275 0.364 
-0.08875 0.36067 -0.08875 0.35867 
-0.0895 0.35533 -0.09175 0.354 
-0.09025 0.35 -0.08275 0.352 
-0.09475 0.35933 -0.0955 0.374 
-0.1 0.384 -0.09325 0.394 
-0.094 0.39867 -0.07675 0.40267 
-0.076 0.40467 -0.0535 0.39267 
-0.052 0.394 -0.04525 0.39067 
-0.0445 0.39667 -0.04 0.402 
-0.03925 0.40733 -0.04 0.40933 
-0.0385 0.41067 -0.04075 0.378 
-0.046 0.362 -0.11575 0.35933 
-0.1195 0.362 -0.1165 0.364 
-0.13375 0.378 -0.13525 0.37667 
-0.13225 0.38 -0.13075 0.384 
-0.14125 0.37667 -0.16375 0.49667 
-0.145 0.51467 -0.1345 0.52933 
-0.13375 0.53133 -0.13 0.532 
-0.13075 0.52667 -0.124 0.53133 
-0.1225 0.52933 -0.14875 0.63867 
-0.148 0.642 0.03725 0.646 
0.0425 0.63933 0.0455 0.63933 
0.0455 0.64267 0.05 0.63733 
0.0515 0.63533 0.04625 0.632 
0.04325 0.634 0.1385 0.41933 
0.13625 0.41133 0.137 0.40867 
0.1355 0.40533 0.13325 0.40133 
0.12725 0.39467 0.131 0.378 
0.12425 0.37667 0.116 0.37933 
0.11225 0.37933 0.1115 0.37 
0.10475 0.36933 0.11825 0.362 
0.12425 0.36067 0.12425 0.364 
0.1325 0.36333 0.1355 0.364 
0.13325 0.37067 0.14075 0.384 
0.1535 0.38067 0.161 0.378 
0.16175 0.37467 0.161 0.38867 
0.16025 0.394 0.15275 0.39533 
0.152 0.39333 0.149 0.39667 
0.14675 0.396 0.1535 0.38867 
0.15725 0.41467 0.161 0.42 
0.1385 0.35 0.13475 0.35 
0.08675 0.38267 0.0845 0.384 
0.07925 0.384 0.074 0.384 
0.0665 0.38333 0.06575 0.38533 
0.0635 0.38267 0.06275 0.37867 
0.05225 0.38 0.053 0.384 
0.04325 0.37867 0.04175 0.38133 
0.0365 0.378 0.0455 0.366 
0.04925 0.366 0.032 0.39667 
0.089 0.40267 