0.423 0.0768 0.39 0.0752
0.43275 0.072 0.423 0.0752
0.6 0.0672 0.60075 0.08
0.60375 0.08 0.60375 0.0736
0.38325 0.0752 0.37875 0.0752
0.39 0.0768 0.38475 0.0768
0.44025 0.0704 0.43275 0.072
0.4425 0.072 0.44025 0.072
0.60375 0.0736 0.60375 0.0464
0.6 0.0272 0.6 0.0624
0.55275 0.0544 0.5595 0.0512
0.408 0.0496 0.42075 0.0528
0.423 0.0528 0.429 0.0496
0.49425 0.0496 0.49575 0.0544
0.5595 0.0512 0.56775 0.0448
0.405 0.0528 0.405 0.0496
0.402 0.048 0.408 0.0496
0.429 0.0496 0.43875 0.04
0.3945 0.0448 0.40125 0.048
0.558 0.0432 0.555 0.048
0.41175 0.0448 0.408 0.0416
0.42 0.0448 0.41325 0.0448
0.408 0.0432 0.402 0.0432
0.426 0.04 0.4215 0.0432
0.567 0.0464 0.57 0.0384
0.40125 0.0432 0.3945 0.0384
0.42975 0.0384 0.4275 0.0432
0.45825 0.0432 0.4605 0.0384
0.5655 0.0368 0.558 0.0416
0.43875 0.04 0.44025 0.0368
0.489 0.0384 0.49125 0.04
0.54375 0.0384 0.5505 0.04
0.60375 0.0416 0.60375 0.0256
0.40425 0.032 0.41025 0.0368
0.41025 0.0368 0.414 0.0352
0.4335 0.0352 0.42975 0.0384
0.57075 0.04 0.57525 0.0256
0.4605 0.0384 0.46275 0.0192
0.4875 0.0352 0.48975 0.0352
0.52725 0.0336 0.53025 0.0352
0.57 0.0304 0.5655 0.0368
0.38625 0.0304 0.3885 0.0336
0.414 0.0336 0.41925 0.0336
0.4365 0.0336 0.43275 0.0336
0.52425 0.032 0.5265 0.0336
0.549 0.0336 0.54525 0.0352
0.39675 0.0304 0.4005 0.0336
0.4005 0.032 0.4035 0.032
0.42225 0.032 0.42525 0.0304
0.45675 0.024 0.456 0.0352
0.537 0.0256 0.53925 0.0336
0.4275 0.0304 0.4305 0.0272
0.51975 0.0272 0.52425 0.032
0.38475 0.0224 0.38625 0.0304
0.393 0.0272 0.396 0.0288
0.411 0.0304 0.408 0.024
0.432 0.0272 0.435 0.0272
0.48975 0.0304 0.49125 0.0272
0.5325 0.032 0.534 0.0256
0.57225 0.0208 0.56925 0.0304
0.42225 0.0256 0.4215 0.0288
0.52575 0.0288 0.525 0.0256
0.52875 0.024 0.52875 0.0288
0.3915 0.024 0.393 0.0256
0.3945 0.0272 0.39375 0.024
0.402 0.0272 0.39825 0.0208
0.4245 0.0256 0.42375 0.0272
0.4365 0.0272 0.43725 0.0224
0.51825 0.0208 0.51975 0.0272
0.5535 0.0224 0.5565 0.0272
0.6015 0.0032 0.60075 0.0272
0.41325 0.0208 0.4155 0.0256
0.48525 0.0208 0.4875 0.0256
0.495 0.0272 0.49275 0.0208
0.52575 0.0256 0.52275 0.0208
0.54075 0.024 0.54525 0.0224
0.57525 0.0256 0.57675 0.0176
0.40425 0.024 0.405 0.024
0.42375 0.0208 0.42225 0.0256
0.43125 0.024 0.429 0.016
0.43875 0.0112 0.432 0.024
0.438 0.0224 0.4395 0.0208
0.53175 0.0096 0.5295 0.024
0.56175 0.0192 0.5595 0.024
0.40425 0.0224 0.405 0.0224
0.41925 0.0224 0.4215 0.0144
0.52275 0.0208 0.519 0.0176
0.546 0.0224 0.546 0.0176
0.55125 0.0192 0.5535 0.0208
0.55725 0.0224 0.55575 0.0176
0.3975 0.0192 0.3945 0.0144
0.40425 0.0144 0.40425 0.0208
0.408 0.0208 0.40875 0.016
0.45675 0.0144 0.456 0.0208
0.51675 0.0112 0.51825 0.0192
0.5655 0.0208 0.56475 0.0176
0.57375 0.0176 0.5715 0.0208
0.3825 0.016 0.38475 0.0176
0.462 0.0192 0.46125 0.0048
0.54375 0.016 0.5415 0.0176
0.5655 0.016 0.567 0.0128
0.60375 0.0192 0.60525 0.0064
0.4095 0.0176 0.4095 0.0096
0.423 0.0144 0.4245 0.0176
0.42375 0.0128 0.426 0.0176
0.49125 0.0144 0.49275 0.0176
0.4935 0.0176 0.49275 0.0048
0.55575 0.0176 0.552 0.0064
0.41775 0.0128 0.41325 0.0128
0.429 0.0144 0.4275 0.0048
0.561 0.0048 0.5625 0.016
0.564 0.0144 0.56625 0.0112
0.57075 0.0096 0.57375 0.0144
0.381 0.0064 0.38325 0.0144
0.5115 0.0112 0.51375 0.008
0.51825 0.0128 0.52575 0.0048
0.549 0.008 0.552 0.0144
0.39525 0.0128 0.39675 0.0048
0.40725 -0.0016 0.4035 0.0128
0.42225 0.0 0.423 0.0128
0.43875 0.0064 0.444 0.008
0.444 0.008 0.447 0.0048
0.51375 0.008 0.516 0.008
0.534 0.0048 0.53175 0.0096
0.57525 0.0112 0.57825 0.008
0.57975 0.0096 0.582 0.0048
0.4095 0.0096 0.411 0.0032
0.5385 0.0064 0.54675 0.0032
0.54675 0.0048 0.54975 0.0064
0.41175 0.0048 0.41325 0.0032
0.4335 0.0016 0.43875 0.0048
0.52575 0.0048 0.531 -0.0016
0.552 0.0064 0.5505 -0.0016
0.39075 0.0032 0.3885 0.0
0.396 -0.0032 0.3915 0.0032
0.39675 0.0048 0.40125 -0.0048
0.453 0.0016 0.456 0.0048
0.45525 0.0 0.45675 0.0064
0.53625 -0.0048 0.53475 0.0048
0.5715 0.0016 0.56325 0.0032
0.58125 0.0048 0.582 -0.0032
0.414 0.0 0.42225 0.0
0.42975 -0.0048 0.43275 0.0016
0.46125 0.0048 0.45975 -0.0032
0.49275 0.0032 0.49125 0.0016
0.51075 0.0016 0.5085 0.0048
0.51675 -0.0032 0.51075 0.0016
0.576 -0.0016 0.57375 0.0016
0.38775 -0.0016 0.3825 -0.0016
0.426 0.0016 0.42525 -0.008
0.45375 -0.0016 0.4545 0.0016
0.501 0.0016 0.50475 -0.0112
0.44325 -0.0032 0.441 -0.0032
0.453 -0.0048 0.45375 -0.0016
0.52425 -0.0048 0.51675 -0.0048
0.4005 -0.008 0.396 -0.0032
0.4095 -0.0128 0.40725 -0.0032
0.453 -0.0048 0.45525 -0.0016
0.531 -0.0048 0.525 -0.0048
0.53925 -0.0048 0.537 -0.0048
0.5505 -0.0016 0.54825 -0.0064
0.552 -0.0016 0.54825 -0.008
0.582 -0.0048 0.579 -0.0048
0.44175 -0.0064 0.432 -0.008
0.4605 -0.0032 0.45825 -0.008
0.54225 -0.0064 0.537 -0.0064
0.42375 -0.008 0.4215 -0.0096
0.45 -0.0096 0.45225 -0.0064
0.45075 -0.0128 0.453 -0.0064
0.54675 -0.008 0.54075 -0.008
0.60225 -0.0208 0.60225 -0.0048
0.50175 -0.0128 0.50175 -0.0064
0.42225 -0.0112 0.41775 -0.0128
0.459 -0.008 0.456 -0.0208
0.41775 -0.0128 0.41325 -0.0144
0.41175 -0.0128 0.41325 -0.016
0.50475 -0.0128 0.507 -0.0176
0.4485 -0.0176 0.45075 -0.0144
0.50325 -0.0224 0.50175 -0.0128
0.44925 -0.0224 0.4515 -0.016
0.44775 -0.0176 0.44775 -0.024
0.48825 -0.0176 0.48825 -0.0192
0.50775 -0.0176 0.51075 -0.0288
0.45675 -0.0208 0.453 -0.032
0.5055 -0.0256 0.50325 -0.0208
0.44625 -0.0272 0.44775 -0.0256
0.44325 -0.0304 0.4455 -0.0272
0.5085 -0.0352 0.5055 -0.0272
0.453 -0.032 0.45 -0.0416
0.5115 -0.0352 0.5145 -0.04
0.50775 -0.04 0.51075 -0.0416
0.51075 -0.0432 0.5115 -0.0416
0.45 -0.0416 0.447 -0.0528
0.51075 -0.0448 0.513 -0.048
0.51525 -0.0464 0.51525 -0.0544
0.48 -0.0768 0.47925 -0.0832
0.603 -0.0848 0.606 -0.0832
0.60225 -0.0864 0.603 -0.0816
0.48 -0.0832 0.48 -0.0944
0.60075 -0.0976 0.60225 -0.0864
0.441 -0.0976 0.44175 -0.0992
0.44625 -0.0976 0.444 -0.1104
0.4425 -0.1088 0.44175 -0.1008
0.50625 -0.1008 0.50625 -0.104
0.44475 -0.1168 0.44625 -0.1136
0.43875 -0.1168 0.4395 -0.1168
0.44175 -0.128 0.44475 -0.1184
0.447 -0.1152 0.4455 -0.1248
0.43875 -0.1184 0.4395 -0.1184
0.51 -0.1168 0.51225 -0.1328
0.43875 -0.1328 0.4395 -0.12
0.507 -0.1312 0.50625 -0.1232
0.4455 -0.1264 0.4425 -0.1344
0.5025 -0.1264 0.50025 -0.1312
0.43725 -0.1312 0.438 -0.1488
0.49875 -0.1328 0.50025 -0.1328
0.51225 -0.1328 0.5145 -0.1424
0.43575 -0.1456 0.435 -0.1344
0.49875 -0.1392 0.4965 -0.1328
0.50925 -0.152 0.50775 -0.136
0.51525 -0.1424 0.51525 -0.176
0.5025 -0.1568 0.50025 -0.1456
0.504 -0.1456 0.5055 -0.152
0.4365 -0.1648 0.43725 -0.152
0.50925 -0.1648 0.50925 -0.1568
0.43575 -0.1664 0.43575 -0.1632
0.5085 -0.168 0.51075 -0.1648
0.50775 -0.176 0.5085 -0.168
0.5145 -0.176 0.513 -0.1824
0.50625 -0.1952 0.507 -0.1792
0.43575 -0.1872 0.438 -0.1824
0.513 -0.1824 0.50925 -0.2016
0.4395 -0.1872 0.4365 -0.1904
0.444 -0.1984 0.44625 -0.2032
0.50625 -0.2016 0.50475 -0.1968
0.50625 -0.2048 0.50625 -0.1984
0.44775 -0.2 0.44775 -0.2032
0.5985 -0.2048 0.59925 -0.2
0.4455 -0.2032 0.4485 -0.2064
0.44925 -0.2032 0.44925 -0.2064
0.59625 -0.216 0.5985 -0.2064
0.60225 -0.2048 0.6015 -0.208
0.44175 -0.2112 0.444 -0.208
0.44925 -0.208 0.456 -0.2224
0.6015 -0.208 0.6015 -0.2176
0.44175 -0.216 0.4395 -0.2112
0.4425 -0.216 0.4425 -0.2224
0.48675 -0.2224 0.48825 -0.2176
0.489 -0.2192 0.489 -0.2224
0.4965 -0.2256 0.50175 -0.2208
0.60075 -0.2176 0.6015 -0.2208
0.60225 -0.2192 0.603 -0.2224
0.48675 -0.2224 0.48825 -0.2208
0.44475 -0.2272 0.4455 -0.2224
0.456 -0.224 0.45675 -0.2304
0.48375 -0.2272 0.48675 -0.224
0.49275 -0.2272 0.4965 -0.2256
0.444 -0.2304 0.444 -0.224
0.489 -0.224 0.49125 -0.2272
0.50325 -0.224 0.501 -0.2304
0.59625 -0.2576 0.597 -0.224
0.504 -0.2272 0.50175 -0.232
0.50175 -0.232 0.4995 -0.2352
0.45675 -0.2304 0.4545 -0.24
0.48975 -0.2416 0.48525 -0.2336
0.60375 -0.232 0.6015 -0.2384
0.48525 -0.2368 0.48075 -0.24
0.4995 -0.2368 0.498 -0.2384
0.49425 -0.2432 0.48975 -0.2416
0.6 -0.2448 0.603 -0.2432
0.6015 -0.2464 0.6015 -0.2544
0.6015 -0.2544 0.6 -0.264
0.59325 -0.2896 0.59625 -0.2608
0.5415 -0.2672 0.546 -0.2768
0.60075 -0.2656 0.59775 -0.288
0.546 -0.2816 0.54225 -0.272
0.5445 -0.2944 0.54675 -0.288
0.5475 -0.2896 0.54675 -0.2976
0.591 -0.3056 0.59325 -0.2896
0.5985 -0.2896 0.59625 -0.3056
0.5895 -0.3168 0.591 -0.3056
0.59625 -0.3056 0.59325 -0.3232
0.4755 -0.3168 0.4695 -0.3168
0.58575 -0.3344 0.58875 -0.3168
0.3765 -0.3184 0.3765 -0.3232
0.42225 -0.32 0.42675 -0.3216
0.42675 -0.3232 0.43275 -0.328
0.52425 -0.328 0.528 -0.3248
0.528 -0.3232 0.5295 -0.3264
0.3765 -0.3248 0.37875 -0.336
0.59325 -0.3248 0.59025 -0.3408
0.42225 -0.3312 0.41925 -0.3248
0.43275 -0.328 0.44025 -0.328
0.441 -0.328 0.45 -0.3328
0.5205 -0.3328 0.52425 -0.328
0.42675 -0.336 0.42225 -0.3312
0.50475 -0.3344 0.5205 -0.3328
0.531 -0.3312 0.531 -0.336
0.45 -0.3328 0.456 -0.3376
0.498 -0.3392 0.504 -0.3344
0.4305 -0.3424 0.42675 -0.3376
0.5835 -0.344 0.58575 -0.336
0.37875 -0.336 0.38175 -0.3488
0.459 -0.3392 0.465 -0.3424
0.48 -0.3424 0.495 -0.3392
0.531 -0.3376 0.5295 -0.3392
0.53175 -0.3376 0.531 -0.3408
0.44325 -0.344 0.4305 -0.3424
0.465 -0.3424 0.4695 -0.3456
0.47175 -0.344 0.48 -0.3424
0.52875 -0.3408 0.52575 -0.344
0.44775 -0.3456 0.44325 -0.3456
0.5295 -0.3408 0.52575 -0.3456
0.588 -0.344 0.59025 -0.3424
0.51975 -0.3456 0.50475 -0.3472
0.45375 -0.3472 0.44775 -0.3472
FACE DONE
0.366 0.3744 0.366 0.3872
0.36975 0.384 0.372 0.368
0.3705 0.3632 0.366 0.376
0.40425 0.36 0.42075 0.3584
0.34875 0.2352 0.36375 0.3584
0.36975 0.3584 0.36225 0.3136
0.42225 0.352 0.40725 0.3536
0.5715 0.3456 0.56325 0.3552
0.5685 0.3536 0.58725 0.3184
0.39375 0.344 0.41625 0.3456
0.59625 0.2304 0.57225 0.3456
0.37275 0.3008 0.3915 0.3456
0.41625 0.3408 0.4305 0.3296
0.40725 0.3392 0.38175 0.3104
0.426 0.3168 0.408 0.336
0.594 0.3264 0.59175 0.336
0.429 0.3312 0.426 0.3184
0.5865 0.32 0.5865 0.3072
0.5985 0.304 0.5955 0.3136
0.363 0.312 0.3555 0.248
0.3825 0.3088 0.378 0.2912
0.58725 0.3072 0.59325 0.2864
0.3645 0.256 0.3735 0.2992
0.378 0.2912 0.36225 0.2064
0.59025 0.288 0.6015 0.24
0.35775 0.2112 0.36525 0.2544
0.3555 0.2448 0.3555 0.2192
0.351 0.1872 0.35025 0.2352
0.60075 0.2304 0.603 0.1904
0.6 0.1888 0.59475 0.2288
0.48 0.2256 0.48375 0.2128
0.36225 0.2048 0.3525 0.1824
0.60225 0.1072 0.6 0.1856
0.60375 0.1792 0.6045 0.1392
0.65175 0.1472 0.66075 0.16
0.663 0.1584 0.65325 0.1456
0.35325 0.1552 0.36075 0.1376
0.35475 0.0464 0.351 0.1504
0.561 0.1472 0.56925 0.1472
0.56925 0.1472 0.58275 0.136
0.564 0.1376 0.56325 0.1456
0.36075 0.1376 0.35775 0.096
0.5715 0.1312 0.5625 0.136
0.6045 0.1344 0.60375 0.1152
0.366 0.104 0.39225 0.1328
0.39375 0.1296 0.43125 0.1152
0.46875 0.1312 0.474 0.1136
0.52575 0.1184 0.53475 0.128
0.39825 0.1184 0.3885 0.1216
0.51525 0.1056 0.52575 0.12
0.53625 0.12 0.52875 0.1168
0.38775 0.1168 0.38025 0.1056
0.432 0.1136 0.4455 0.0912
0.5295 0.104 0.53475 0.1136
0.41925 0.1088 0.40575 0.1088
0.405 0.1088 0.3975 0.1056
0.38025 0.1072 0.3735 0.1024
0.42825 0.0992 0.42075 0.1056
0.5355 0.1056 0.5385 0.0928
0.44175 0.0848 0.42975 0.1024
0.36525 0.0944 0.36675 0.1024
0.3735 0.0976 0.38475 0.0848
0.54675 0.0928 0.555 0.0976
0.3885 0.0928 0.39525 0.088
0.3585 0.096 0.36 0.0864
0.53025 0.0944 0.53925 0.0896
0.5655 0.096 0.56025 0.0848
0.405 0.0912 0.42225 0.0896
0.54 0.0912 0.537 0.0912
0.42225 0.088 0.429 0.0832
0.54075 0.0912 0.5415 0.0912
0.603 0.0896 0.60825 0.0768
0.54975 0.0848 0.531 0.0896
0.5595 0.088 0.5505 0.0832
0.3585 0.0816 0.36 0.0656
0.35925 0.0656 0.3585 0.0416
0.6105 0.056 0.61875 0.0464
0.354 0.0336 0.35475 0.0464
0.63075 0.0256 0.62325 0.0352
0.357 0.0224 0.354 0.032
0.36075 0.0256 0.35925 0.0176
0.3555 0.0032 0.357 0.0176
0.36 0.0144 0.357 -0.0064
0.612 -0.0384 0.6105 -0.0176
0.6615 -0.0608 0.669 -0.0512
0.36225 -0.1824 0.36375 -0.192
0.31575 -0.1952 0.3225 -0.2
0.33075 -0.1984 0.3405 -0.1968
0.34275 -0.2016 0.348 -0.1984
0.348 -0.1984 0.3525 -0.2032
0.3525 -0.2016 0.3615 -0.2
0.33975 -0.1984 0.33975 -0.2096
0.36225 -0.1984 0.37275 -0.3104
0.32025 -0.2032 0.31425 -0.2032
0.35475 -0.2112 0.34275 -0.2016
0.3585 -0.2176 0.3555 -0.2064
0.336 -0.2144 0.33225 -0.2064
0.3405 -0.2112 0.336 -0.2128
0.3315 -0.2112 0.32625 -0.2144
0.37275 -0.3488 0.357 -0.2192
0.3735 -0.3104 0.39 -0.392
0.36825 -0.3808 0.37425 -0.3472
0.48975 -0.3536 0.49575 -0.3584
0.47775 -0.3616 0.47175 -0.3632
0.49575 -0.3696 0.48075 -0.3616
0.50025 -0.36 0.49575 -0.3728
0.44025 -0.3632 0.44475 -0.376
0.378 -0.3648 0.372 -0.384
0.384 -0.4048 0.37875 -0.3632
0.3045 -0.3696 0.31875 -0.3696
0.31875 -0.3696 0.32625 -0.376
0.4965 -0.3824 0.507 -0.3696
0.456 -0.3952 0.4395 -0.3728
0.303 -0.3872 0.30525 -0.3712
0.3345 -0.3776 0.3405 -0.3856
0.44625 -0.376 0.45675 -0.392
0.33825 -0.3904 0.33225 -0.3808
0.58125 -0.3808 0.59625 -0.424
0.36975 -0.4 0.37125 -0.384
0.50175 -0.3904 0.4965 -0.384
0.37425 -0.3856 0.36975 -0.424
0.39 -0.392 0.3945 -0.5184
0.57225 -0.3936 0.5715 -0.3936
0.57375 -0.3936 0.573 -0.3936
0.4875 -0.4 0.49575 -0.3936
0.57075 -0.3936 0.5685 -0.4144
0.573 -0.3952 0.57375 -0.3952
0.49725 -0.3968 0.49125 -0.4032
0.5925 -0.44 0.57375 -0.3936
0.58275 -0.4 0.58875 -0.408
0.56775 -0.4112 0.558 -0.4336
0.312 -0.4272 0.3075 -0.4096
0.38475 -0.4352 0.3825 -0.4128
0.549 -0.4576 0.5595 -0.416
0.39825 -0.4208 0.40425 -0.4464
0.59475 -0.424 0.603 -0.4912
0.639 -0.4256 0.65625 -0.4432
0.64275 -0.4512 0.63525 -0.4304
0.40275 -0.4464 0.3975 -0.432
0.558 -0.4352 0.552 -0.4496
0.6 -0.5184 0.5925 -0.44
0.52125 -0.5248 0.54975 -0.4496
0.384 -0.4576 0.3855 -0.448
0.6525 -0.4496 0.66225 -0.472
0.54975 -0.4544 0.5415 -0.48
0.66075 -0.4912 0.65325 -0.4544
0.36975 -0.4576 0.36975 -0.4816
0.39375 -0.5568 0.38475 -0.4576
0.3975 -0.5024 0.39825 -0.464
0.399 -0.4736 0.402 -0.5568
0.5445 -0.4736 0.53625 -0.5072
0.6615 -0.4752 0.663 -0.4864
0.60225 -0.4928 0.60675 -0.5136
0.4425 -0.552 0.42225 -0.5104
0.537 -0.5088 0.53175 -0.5568
0.42975 -0.5136 0.438 -0.5296
0.53025 -0.5168 0.525 -0.5312
0.528 -0.5488 0.53175 -0.5168
0.60675 -0.5168 0.603 -0.5568
0.597 -0.5568 0.59925 -0.5184
0.5025 -0.5472 0.51 -0.5264
0.51 -0.528 0.516 -0.5312
0.438 -0.5296 0.444 -0.544
0.51525 -0.5312 0.5115 -0.5376
0.513 -0.5408 0.50625 -0.5488
