-0.1375 0.50267 -0.13075 0.50067 
-0.13075 0.49733 -0.1285 0.49533 
-0.127 0.494 -0.12475 0.496 
-0.1255 0.488 -0.12775 0.48733 
-0.12625 0.48533 -0.1225 0.48333 
-0.1165 0.48333 -0.1105 0.49733 
-0.1075 0.49933 -0.112 0.50133 
-0.112 0.50333 -0.1105 0.506 
-0.10825 0.50667 -0.112 0.50933 
-0.115 0.50867 -0.1195 0.514 
-0.12775 0.50933 -0.1285 0.50333 
-0.13675 0.494 -0.1375 0.524 
-0.13675 0.52733 -0.133 0.532 
-0.1315 0.534 -0.1345 0.53733 
-0.1315 0.53867 -0.13375 0.54133 
-0.13225 0.544 -0.13525 0.54933 
-0.13525 0.55133 -0.13525 0.55467 
-0.136 0.56 -0.1345 0.56333 
-0.13525 0.568 -0.13675 0.57133 
-0.133 0.572 -0.12775 0.57533 
-0.1285 0.57733 -0.127 0.58133 
-0.12625 0.58667 -0.13225 0.58267 
-0.1345 0.58933 -0.13225 0.59333 
-0.12925 0.59333 -0.1285 0.59733 
-0.13225 0.59933 -0.12325 0.59333 
-0.127 0.612 -0.1285 0.61867 
-0.124 0.62267 -0.11425 0.62133 
-0.11875 0.636 -0.12325 0.63467 
-0.11725 0.642 -0.1165 0.648 
-0.12025 0.648 -0.12325 0.65 
-0.12175 0.654 -0.11875 0.652 
-0.11725 0.65533 -0.112 0.654 
-0.10975 0.65667 -0.106 0.65667 
-0.10375 0.65933 -0.11275 0.64933 
-0.1195 0.662 -0.1375 0.65467 
-0.1375 0.65133 -0.067 0.62667 
-0.06775 0.622 -0.06325 0.62133 
-0.06175 0.62533 -0.06175 0.63 
-0.05725 0.62933 -0.052 0.626 
-0.052 0.622 -0.0475 0.618 
-0.05125 0.61533 -0.058 0.62067 
-0.04225 0.61667 -0.04075 0.61333 
-0.0415 0.61133 -0.0445 0.60867 
-0.0355 0.606 -0.034 0.60867 
-0.031 0.60133 -0.025 0.60067 
-0.022 0.602 -0.025 0.60667 
-0.02425 0.61133 -0.02275 0.614 
-0.02125 0.61733 -0.01675 0.616 
-0.01375 0.61933 -0.01225 0.616 
-0.007 0.614 -0.00475 0.61667 
-0.00025 0.61867 0.0005 0.62067 
0.00275 0.622 0.0065 0.62267 
0.005 0.626 0.00725 0.62667 
0.00275 0.62733 -0.0025 0.626 
-0.0055 0.62867 -0.00625 0.632 
-0.007 0.63667 -0.0145 0.63733 
-0.01825 0.63467 -0.02275 0.63867 
-0.028 0.63733 -0.031 0.636 
-0.0325 0.63333 -0.034 0.632 
-0.031 0.63133 -0.0355 0.62867 
-0.03775 0.632 -0.034 0.62 
-0.03325 0.61667 -0.016 0.60667 
-0.0145 0.60867 -0.01225 0.60533 
-0.0085 0.61 -0.004 0.60933 
-0.001 0.612 0.0005 0.61533 
-0.00625 0.62333 -0.01375 0.628 
-0.013 0.63133 -0.0115 0.64533 
-0.01525 0.64933 -0.02125 0.64467 
-0.02275 0.65133 -0.0325 0.64933 
-0.0355 0.648 -0.0385 0.64867 
-0.0385 0.64667 -0.0445 0.64667 
-0.04975 0.64333 -0.05275 0.64467 
-0.05575 0.638 -0.0595 0.64 
-0.064 0.59133 -0.06325 0.584 
-0.05725 0.57933 -0.05725 0.576 
-0.05275 0.576 -0.05275 0.57333 
-0.0505 0.572 -0.0445 0.57267 
-0.0445 0.568 -0.0415 0.566 
-0.0445 0.562 -0.05575 0.56533 
-0.055 0.56733 -0.0595 0.57 
-0.06325 0.568 -0.06625 0.56733 
-0.06775 0.56133 -0.06775 0.556 
-0.0625 0.55133 -0.058 0.55067 
-0.058 0.54667 -0.06025 0.546 
-0.064 0.544 -0.058 0.53933 
-0.058 0.53733 -0.061 0.53667 
-0.0595 0.534 -0.05575 0.53267 
-0.05275 0.53733 -0.0505 0.53533 
-0.04975 0.53067 -0.0475 0.528 
-0.04825 0.52333 -0.0505 0.52067 
-0.04975 0.51733 -0.04525 0.51333 
-0.04225 0.51333 -0.04225 0.51533 
-0.0445 0.52133 -0.046 0.50867 
-0.0475 0.506 -0.0445 0.50267 
-0.0415 0.502 -0.03925 0.502 
-0.037 0.49867 -0.0325 0.49733 
-0.03175 0.49333 -0.034 0.48933 
-0.034 0.48667 -0.031 0.48733 
-0.03325 0.48333 -0.025 0.48333 
-0.02125 0.48333 -0.02125 0.486 
-0.01675 0.48667 -0.0145 0.48933 
-0.01825 0.49467 -0.022 0.49733 
-0.02575 0.496 -0.0265 0.49333 
-0.0235 0.49067 -0.01525 0.49867 
-0.019 0.502 -0.016 0.50733 
-0.013 0.50533 -0.01 0.506 
-0.0085 0.50267 -0.004 0.50133 
0.002 0.5 0.0035 0.502 
0.008 0.50267 0.0095 0.508 
0.0035 0.50733 0.00275 0.50933 
-0.0055 0.51533 -0.004 0.51933 
-0.00775 0.52067 -0.00775 0.526 
-0.0025 0.52733 -0.001 0.526 
0.0035 0.52733 0.00575 0.53 
0.00425 0.534 0.00275 0.53533 
0.00125 0.53267 -0.00175 0.53267 
-0.007 0.53467 -0.00775 0.54 
0.002 0.54067 0.00125 0.54733 
0.005 0.55333 0.008 0.55 
0.0065 0.562 0.0095 0.56267 
0.01025 0.56533 0.00575 0.56733 
0.002 0.572 0.005 0.574 
0.0035 0.576 0.005 0.57733 
0.00275 0.58 0.00275 0.58333 
-0.00325 0.58133 -0.0055 0.58067 
-0.00925 0.58 -0.0115 0.576 
-0.00625 0.57467 -0.00175 0.57267 
-0.00625 0.568 -0.0085 0.57 
-0.01 0.56867 -0.01375 0.56333 
-0.0175 0.56467 -0.028 0.58867 
-0.02575 0.59 -0.02725 0.592 
-0.02875 0.59467 -0.03025 0.59133 
-0.022 0.59267 -0.043 0.57733 
-0.04975 0.58133 -0.0505 0.59 
-0.0625 0.57333 -0.052 0.546 
-0.0505 0.54267 -0.055 0.54133 
-0.05575 0.54333 -0.064 0.53267 
-0.0685 0.53733 -0.0745 0.538 
-0.07825 0.53733 -0.079 0.54 
-0.0775 0.534 -0.07375 0.534 
-0.0775 0.53 -0.0865 0.53333 
-0.0895 0.53 -0.08875 0.52333 
-0.09175 0.52067 -0.0895 0.51933 
-0.085 0.51733 -0.08725 0.51467 
-0.0835 0.514 -0.08575 0.51 
-0.08875 0.50533 -0.09175 0.506 
-0.09475 0.50733 -0.09325 0.51067 
-0.091 0.512 -0.09775 0.51533 
-0.10075 0.514 -0.10225 0.50733 
-0.09475 0.50333 -0.09175 0.498 
-0.09175 0.494 -0.0925 0.49067 
-0.09625 0.49067 -0.09625 0.48733 
-0.1015 0.48933 -0.1 0.492 
-0.0985 0.49733 -0.08725 0.49867 
-0.08425 0.49533 -0.07975 0.49867 
-0.0775 0.49667 -0.0745 0.5 
-0.07525 0.50333 -0.07225 0.50467 
-0.0745 0.50667 -0.07975 0.50933 
-0.08275 0.50133 -0.079 0.492 
-0.07375 0.49067 -0.073 0.48867 
-0.076 0.486 -0.06775 0.48733 
-0.0685 0.49133 -0.06775 0.496 
-0.06175 0.49667 -0.061 0.502 
-0.0625 0.50533 -0.06475 0.508 
-0.06175 0.51 -0.052 0.50333 
-0.05425 0.50067 -0.05425 0.498 
-0.0625 0.49133 -0.04375 0.48933 
-0.0415 0.49 -0.04 0.494 
-0.037 0.492 -0.04375 0.49533 
-0.04375 0.48333 -0.03925 0.50667 
-0.01225 0.51533 0.002 0.49533 
0.00725 0.49467 0.01025 0.49267 
0.0125 0.49067 0.01625 0.49267 
0.01775 0.48933 0.02 0.484 
0.02525 0.486 0.0305 0.488 
0.02975 0.49 0.03125 0.492 
0.02675 0.494 0.0215 0.49667 
0.02225 0.49867 0.0185 0.49867 
0.01625 0.50267 0.02 0.50533 
0.02225 0.504 0.02675 0.50467 
0.0275 0.502 0.029 0.50667 
0.02525 0.50933 0.02675 0.51267 
0.03125 0.51333 0.03275 0.51133 
0.03575 0.512 0.03725 0.51467 
0.0425 0.51067 0.047 0.51067 
0.05 0.50933 0.05375 0.51067 
0.056 0.50733 0.05675 0.50467 
0.05075 0.502 0.0485 0.502 
0.04775 0.5 0.04925 0.49667 
0.05375 0.498 0.05375 0.49333 
0.047 0.48867 0.0455 0.49067 
0.0425 0.48667 0.038 0.48733 
0.03575 0.48733 0.03275 0.486 
0.032 0.484 0.03875 0.49 
0.041 0.49467 0.038 0.49933 
0.0335 0.50067 0.032 0.498 
0.03425 0.496 0.03725 0.50467 
0.0395 0.50667 0.04475 0.50467 
0.0515 0.51533 0.0515 0.52267 
0.04625 0.52333 0.04325 0.52533 
0.04325 0.52 0.038 0.52933 
0.0335 0.52533 0.0305 0.52333 
0.029 0.52 0.032 0.51933 
0.02675 0.52467 0.023 0.52733 
0.0245 0.53467 0.0305 0.53333 
0.0395 0.53667 0.05075 0.528 
0.0545 0.532 0.0575 0.53533 
0.0575 0.52533 0.0575 0.52267 
0.0605 0.52333 0.065 0.51867 
0.06275 0.514 0.07175 0.51133 
0.071 0.506 0.074 0.502 
0.07925 0.50533 0.08225 0.506 
0.086 0.50333 0.089 0.50667 
0.089 0.512 0.08225 0.51733 
0.08675 0.52133 0.092 0.52333 
0.086 0.52733 0.08375 0.52733 
0.08075 0.52933 0.07775 0.53133 
0.07775 0.52467 0.071 0.52867 
0.08975 0.53133 0.089 0.536 
0.092 0.542 0.09425 0.544 
0.089 0.54933 0.08375 0.54667 
0.08225 0.554 0.08375 0.556 
0.08225 0.55733 0.07775 0.55533 
0.0875 0.56133 0.089 0.56333 
0.0905 0.56667 0.08375 0.56933 
0.08 0.57133 0.08 0.57467 
0.08375 0.57533 0.08525 0.57333 
0.08225 0.578 0.07475 0.57867 
0.074 0.572 0.07625 0.56933 
0.08075 0.586 0.077 0.588 
0.0755 0.58667 0.07325 0.58667 
0.07625 0.59 0.07775 0.59267 
0.08525 0.598 0.08375 0.60133 
0.08 0.60667 0.0845 0.608 
0.08375 0.61533 0.083 0.61933 
0.08 0.61733 0.07775 0.62533 
0.083 0.62733 0.0845 0.62933 
0.07925 0.63267 0.07925 0.636 
0.077 0.64 0.07025 0.646 
0.0665 0.652 0.07025 0.65533 
0.06575 0.662 0.068 0.63267 
0.08975 0.64 0.09425 0.598 
0.08525 0.58733 0.02 0.622 
0.0185 0.62467 0.0155 0.62667 
0.01325 0.62533 0.011 0.622 
0.01625 0.62 0.011 0.638 
0.0065 0.63667 0.0065 0.642 
0.0035 0.64333 0.002 0.64467 
0.01775 0.53667 0.017 0.53267 
0.01175 0.53067 0.01175 0.52867 
0.0095 0.53533 0.0125 0.498 
0.0125 0.486 -0.01075 0.48333 
-0.08425 0.48867 -0.08875 0.48867 
-0.0985 0.53067 -0.1015 0.53 
-0.1045 0.53 -0.106 0.532 
-0.1045 0.534 -0.0985 0.53467 
-0.11125 0.53333 -0.115 0.53333 
-0.118 0.53667 -0.12025 0.54 
-0.12175 0.53133 -0.12625 0.52867 
-0.127 0.526 -0.13 0.528 
-0.1375 0.54067 -0.13075 0.55867 
-0.12925 0.56467 -0.1105 0.52867 
0.06575 0.48333 0.0695 0.48333 
0.07025 0.48667 0.071 0.49133 
0.0785 0.486 0.08075 0.48333 
0.0845 0.48733 0.086 0.48867 
0.08825 0.48333 0.083 0.49467 
0.08 0.49667 0.09275 0.496 
0.09275 0.502 