-0.21325 0.71867 -0.2125 0.72267 
-0.1975 0.732 -0.202 0.74933 
-0.208 0.74933 -0.18025 0.72067 
-0.1705 0.70533 -0.17575 0.702 
-0.18775 0.69867 -0.18775 0.67 
-0.18775 0.66 -0.184 0.66 
-0.17575 0.662 -0.166 0.65 
-0.15775 0.64933 -0.15175 0.65133 
-0.15025 0.64333 -0.16 0.66267 
-0.1555 0.70333 -0.15025 0.72133 
-0.1435 0.72133 -0.1405 0.72467 
-0.1375 0.73 -0.1255 0.73467 
-0.127 0.74467 -0.13675 0.74867 
-0.14125 0.74867 -0.1465 0.74867 
-0.151 0.74867 -0.13 0.71733 
-0.1255 0.71667 -0.12175 0.72267 
-0.12925 0.70933 -0.1285 0.68933 
-0.1165 0.68533 -0.0985 0.674 
-0.10075 0.66867 -0.08725 0.66933 
-0.0865 0.678 -0.067 0.702 
-0.06025 0.70067 -0.04675 0.70467 
-0.0385 0.706 -0.0355 0.71 
-0.00475 0.70333 0.0005 0.70667 
0.0185 0.69933 0.035 0.67467 
0.038 0.67667 0.04625 0.67067 
0.06425 0.68133 0.06875 0.68067 
0.074 0.67133 0.0815 0.67667 
0.089 0.696 0.086 0.70133 
0.095 0.69933 0.098 0.706 
0.08975 0.71 0.08675 0.714 
0.074 0.70333 0.071 0.7 
0.065 0.69533 0.06275 0.7 
0.06875 0.71533 0.06425 0.72267 
0.074 0.74933 0.08 0.74933 
0.11975 0.71467 0.16175 0.70867 
0.161 0.70333 0.1625 0.74067 
0.16175 0.74533 0.10025 0.596 
0.0965 0.59333 0.1055 0.55667 
0.11225 0.554 0.10625 0.54867 
0.1025 0.54933 0.11225 0.54133 
0.11975 0.54 0.11675 0.53 
0.122 0.52733 0.11225 0.522 
0.1085 0.524 0.11 0.52933 
0.1025 0.534 0.09725 0.53067 
0.0965 0.51867 0.0995 0.512 
0.10325 0.51333 0.09875 0.50467 
0.104 0.5 0.1205 0.50533 
0.12125 0.498 0.125 0.49867 
0.12275 0.484 0.1175 0.47267 
0.122 0.47 0.12575 0.46933 
0.12575 0.456 0.11825 0.454 
0.116 0.45867 0.113 0.45533 
0.1085 0.456 0.1025 0.45867 
0.09875 0.46333 0.092 0.47667 
0.0875 0.48 0.0965 0.48333 
0.07025 0.48267 0.06725 0.47333 
0.06125 0.47733 0.056 0.468 
0.0485 0.46467 0.02825 0.46333 
0.026 0.45933 0.01775 0.45733 
0.0065 0.45867 0.008 0.46333 
0.002 0.46467 0.0005 0.45867 
-0.00625 0.44733 -0.00775 0.444 
-0.02725 0.44667 -0.03025 0.444 
-0.0325 0.42667 -0.03325 0.412 
-0.03775 0.40267 -0.03775 0.39867 
-0.037 0.38533 -0.046 0.38467 
-0.06025 0.38267 -0.061 0.37733 
-0.073 0.37733 -0.08425 0.382 
-0.09025 0.37733 -0.09925 0.38 
-0.106 0.38867 -0.10525 0.39667 
-0.109 0.41133 -0.091 0.41067 
-0.09175 0.42533 -0.1015 0.43467 
-0.1045 0.438 -0.1045 0.43067 
-0.1195 0.43267 -0.12925 0.43933 
-0.13225 0.43667 -0.115 0.444 
-0.109 0.46733 -0.10525 0.47333 
-0.11275 0.47733 -0.13675 0.47733 
-0.145 0.47467 -0.13825 0.468 
-0.15625 0.47267 -0.14875 0.48667 
-0.15175 0.49667 -0.16075 0.494 
-0.16525 0.49067 -0.16 0.50333 
-0.154 0.50867 -0.15475 0.51867 
-0.151 0.51933 -0.145 0.52333 
-0.14575 0.53333 -0.15175 0.534 
-0.157 0.538 -0.16075 0.54067 
-0.163 0.53533 -0.16825 0.53733 
-0.1735 0.53533 -0.169 0.54667 
-0.16525 0.548 -0.16675 0.55667 
-0.16075 0.55933 -0.1585 0.55533 
-0.148 0.55533 -0.14125 0.54733 
-0.13975 0.57133 -0.14275 0.57467 
-0.14875 0.59133 -0.15325 0.59533 
-0.1435 0.59933 -0.208 0.64467 
-0.2125 0.64133 -0.2125 0.658 
-0.205 0.65667 -0.1645 0.51467 
-0.169 0.51133 -0.1735 0.504 
-0.1825 0.50667 -0.187 0.50667 
-0.18175 0.482 -0.17425 0.47867 
-0.175 0.47 -0.18475 0.446 
-0.16825 0.41867 -0.17275 0.41467 
-0.154 0.40533 -0.154 0.39667 
-0.142 0.38667 -0.13225 0.38667 
-0.1255 0.394 -0.13825 0.402 
-0.17275 0.372 -0.172 0.35 
-0.1675 0.35 -0.18025 0.35 
-0.1855 0.35 -0.0745 0.35 
-0.0745 0.35667 -0.067 0.36 
-0.064 0.354 -0.06775 0.35133 
-0.04825 0.358 -0.0355 0.35533 
-0.03025 0.35067 -0.02425 0.356 
-0.02575 0.36067 -0.01825 0.35 
-0.0025 0.35467 0.00425 0.358 
0.01475 0.35933 0.02 0.364 
0.0245 0.362 0.02225 0.35667 
0.03125 0.368 0.04175 0.36733 
0.04175 0.37133 0.0425 0.38133 
0.0515 0.38267 0.05 0.38733 
0.056 0.378 0.0395 0.39667 
0.035 0.39867 0.035 0.394 
0.03275 0.38867 0.02675 0.38333 
0.023 0.38733 0.011 0.386 
0.01025 0.37933 0.01025 0.37467 
0.017 0.37067 0.0125 0.398 
0.0215 0.40533 0.02375 0.40933 
0.029 0.43533 0.059 0.42133 
0.065 0.426 0.06875 0.432 
0.0725 0.42467 0.06575 0.40933 
0.068 0.40267 0.059 0.40467 
0.08375 0.40533 0.09575 0.41533 
0.0995 0.414 0.1055 0.41067 
0.1175 0.41067 0.09725 0.42533 
0.10025 0.43133 0.09425 0.43533 
0.08825 0.43267 0.08525 0.44133 
0.08375 0.44733 0.07925 0.45667 
0.0755 0.46267 0.10625 0.444 
0.1085 0.436 0.1145 0.43933 
0.1205 0.43667 0.125 0.436 
0.11975 0.444 0.13475 0.38867 
0.1475 0.38267 0.1505 0.37933 
0.161 0.372 0.15875 0.36533 
-0.0055 0.39133 -0.00475 0.39733 
-0.00925 0.40733 -0.007 0.41067 
-0.02125 0.39 -0.0205 0.386 
-0.00775 0.38533 -0.013 0.37533 
-0.05575 0.41733 -0.0625 0.42333 
-0.0685 0.41533 -0.073 0.42933 
-0.08575 0.43933 -0.09325 0.46 
-0.0895 0.46867 -0.088 0.47467 
-0.082 0.47067 -0.0715 0.46867 
-0.06775 0.46733 -0.06775 0.462 
-0.07375 0.46133 -0.06475 0.47333 
-0.05125 0.462 -0.04525 0.48067 
-0.03325 0.48 -0.02275 0.48267 
-0.0085 0.47867 -0.01075 0.46867 
0.0095 0.47533 0.0185 0.46867 
-0.0475 0.43067 -0.1435 0.50533 
