-0.13375 0.36667 
-0.12925 0.36267 -0.12475 0.36667 
-0.12175 0.364 -0.10825 0.35667 
-0.09175 0.35467 -0.085 0.36067 
-0.073 0.364 -0.0745 0.37333 
-0.106 0.38333 -0.10825 0.38867 
-0.11725 0.38333 -0.12325 0.388 
-0.1285 0.38867 -0.1285 0.39267 
-0.124 0.39533 -0.118 0.39267 
-0.127 0.40267 -0.13675 0.396 
-0.139 0.41267 -0.1495 0.41733 
-0.14725 0.44733 
-0.14575 0.45867 -0.1465 0.60933 
-0.148 0.61467 -0.1375 0.60933 
-0.13525 0.61333 -0.136 0.618 
-0.1315 0.62133 -0.133 0.62733 
-0.13075 0.63733 -0.12475 0.63933 
-0.115 0.64 -0.109 0.64267 
-0.1105 0.648 -0.1045 0.64733 
-0.1015 0.65 -0.10525 0.652 
-0.10375 0.65733 -0.1015 0.66067 
-0.097 0.66267 -0.1 0.66667 
-0.1135 0.66 -0.11125 0.65533 
-0.11275 0.63333 -0.11425 0.62933 
-0.11425 0.62333 -0.1165 0.61667 
-0.12775 0.616 -0.13075 0.60467 
-0.1375 0.60467 -0.133 0.59533 
-0.12625 0.586 -0.1285 0.582 
-0.1285 0.57667 -0.1375 0.58333 
-0.1465 0.58867 -0.136 0.55 
-0.1375 0.54133 
-0.14275 0.52933 -0.13975 0.51267 
-0.13825 0.50133 -0.133 0.49467 
-0.13525 0.49133 -0.14125 0.49067 
-0.13 0.48733 -0.12325 0.484 
-0.11875 0.484 -0.112 0.48667 
-0.106 0.48667 -0.1015 0.48467 
-0.0955 0.48533 -0.0895 0.49 
-0.08275 0.48933 -0.073 0.486 
-0.07 0.484 -0.07975 0.504 
-0.085 0.51267 -0.09025 0.516 
-0.0925 0.51133 -0.09175 0.50667 
-0.1 0.508 -0.106 0.50933 
-0.10525 0.514 -0.109 0.51333 
-0.11275 0.51267 -0.11425 0.52067 
-0.10825 0.52 -0.109 0.52667 
-0.1015 0.53067 -0.09775 0.53 
-0.0955 0.52533 -0.10075 0.52333 
-0.0955 0.518 -0.0835 0.522 
-0.08125 0.52667 -0.076 0.52333 
-0.0715 0.51933 -0.06775 0.52067 
-0.073 0.51467 -0.06775 0.51133 
-0.06475 0.50933 -0.05725 0.524 
-0.04825 0.50533 -0.03625 0.51267 
-0.037 0.51867 -0.03475 0.52467 
-0.0145 0.52733 -0.01225 0.53133 
-0.00925 0.536 -0.00475 0.536 
0.00275 0.53733 0.00575 0.534 
0.008 0.544 0.008 0.56467 
0.01025 0.568 0.0125 0.57133 
0.01625 0.574 0.0065 0.57133 
0.00125 0.59 0.005 0.59133 
0.01025 0.592 0.00575 0.59667 
-0.007 0.596 -0.01825 0.602 
-0.01975 0.598 -0.0235 0.59133 
-0.0265 0.59333 -0.04075 0.57867 
-0.049 0.57533 -0.05275 0.57933 
-0.05575 0.584 -0.04525 0.57067 
-0.03625 0.56467 -0.04 0.55867 
-0.013 0.52133 -0.00775 0.51933 
-0.00475 0.526 0.005 0.52067 
0.0095 0.51867 0.0155 0.52267 
0.02 0.51933 0.02525 0.51733 
0.02375 0.512 0.01925 0.51 
0.01625 0.504 0.0125 0.50533 
0.02075 0.50067 0.02525 0.498 
0.03125 0.49867 0.03425 0.496 
0.04025 0.49733 0.044 0.50267 
0.0485 0.50267 0.05 0.508 
0.053 0.512 0.05225 0.518 
0.05675 0.51933 0.06425 0.51533 
0.05975 0.50933 0.04625 0.512 
0.0425 0.51133 0.04475 0.508 
0.03725 0.50467 0.0335 0.504 
0.029 0.508 0.026 0.50533 
0.03425 0.51867 0.0395 0.518 
0.04325 0.51733 0.04625 0.52267 
0.02375 0.52933 -0.00925 0.50733 
-0.0145 0.51467 -0.0025 0.482 
0.04025 0.472 0.06275 0.468 
0.06275 0.47667 0.0785 0.482 
0.0905 0.486 0.0965 0.48533 
0.10025 0.48533 0.1055 0.482 
0.09275 0.492 0.10325 0.502 
0.10175 0.524 0.0935 0.534 
0.089 0.53467 0.1025 0.544 
0.101 0.54933 0.10175 0.55667 
0.09875 0.56067 0.092 0.57 
0.09275 0.582 0.0905 0.59067 
0.0905 0.59667 0.09125 0.60467 
0.08675 0.60667 0.0815 0.61733 
0.08975 0.62067 0.08675 0.62467 
0.0815 0.63267 0.08 0.636 
0.07475 0.63867 0.0725 0.63467 
0.06575 0.64333 0.05975 0.65 
0.056 0.654 0.05075 0.66 
0.0395 0.66467 0.03875 0.67067 
0.03725 0.65667 0.05675 0.676 
0.05825 0.68533 0.0755 0.68667 
0.0815 0.69133 0.092 0.704 
0.08525 0.71467 0.074 0.71667 
0.068 0.72067 0.06425 0.71933 
0.05375 0.72067 0.04625 0.718 
0.0335 0.72333 0.03425 0.72867 
0.0335 0.734 0.035 0.74133 
0.04175 0.74467 0.04625 0.74867 
0.05525 0.74867 0.06275 0.73933 
0.068 0.742 0.07025 0.73533 
0.08075 0.74867 0.086 0.74933 
0.092 0.73667 0.0965 0.73667 
0.1175 0.70733 0.11825 0.69067 
0.1145 0.69067 
0.11525 0.65467 0.09875 0.65667 
0.0995 0.666 0.0965 0.668 
0.08825 0.67133 0.07925 0.66133 
0.07775 0.658 0.0755 0.662 
0.0845 0.648 0.08225 0.64333 
0.1055 0.45 
0.098 0.45333 0.09575 0.44867 
0.09125 0.45133 0.09725 0.45933 
0.104 0.464 0.0875 0.466 
0.1055 0.436 0.09875 0.428 
0.10175 0.41933 0.09425 0.41467 
0.0965 0.404 0.11 0.398 
0.11225 0.39467 0.11825 0.38333 
0.113 0.38067 0.113 0.376 
0.09875 0.37533 0.098 0.36133 
0.0935 0.362 0.07775 0.35067 
0.0695 0.35 0.06425 0.374 
0.0755 0.37533 0.07925 0.38867 
0.0695 0.41933 0.08375 0.428 
0.1175 0.42667 0.11975 0.41933 
0.1175 0.41533 
0.03275 0.386 
0.0305 0.39 0.0065 0.376 
-0.00025 0.35867 -0.001 0.35467 
0.0065 0.35667 0.0245 0.35 
0.02975 0.35133 0.038 0.34867 
-0.019 0.356 -0.0205 0.36067 
-0.02125 0.35133 -0.02875 0.34933 
-0.03325 0.35533 -0.1105 0.478 
-0.12025 0.51933 -0.1195 0.526 
-0.12025 0.60133 -0.136 0.64667 
-0.1345 0.65 -0.13225 0.67133 
-0.12775 0.67867 -0.14125 0.67867 
-0.1375 0.69067 -0.14425 0.69467 
-0.1405 0.70067 -0.139 0.70667 
-0.139 0.71533 -0.1435 0.71667 
-0.1495 0.724 -0.14575 0.73333 
-0.148 0.74933 -0.14275 0.74933 
-0.1285 0.74867 -0.124 0.74933 
-0.11725 0.74867 -0.1105 0.74867 
-0.106 0.74867 -0.1 0.744 
-0.103 0.74133 -0.0925 0.73667 
-0.08575 0.738 -0.08575 0.734 
-0.0865 0.74867 -0.07525 0.74933 
-0.06925 0.74933 -0.10075 0.72333 
-0.09925 0.71867 -0.09775 0.708 
-0.08875 0.70733 -0.08575 0.69467 
-0.06475 0.676 -0.0805 0.66467 
-0.04675 0.68467 -0.04 0.682 
-0.0325 0.68867 -0.00625 0.68333 
-0.004 0.68867 0.0065 0.68867 
0.00725 0.682 0.0155 0.69 
0.026 0.682 0.00275 0.64333 
-0.00475 0.644 -0.00175 0.634 
-0.00025 0.63067 -0.00625 0.62867 
-0.0085 0.62467 -0.01225 0.62733 
-0.01825 0.626 -0.0175 0.63267 
-0.022 0.632 -0.02575 0.62867 
-0.03025 0.63133 -0.03175 0.62667 
-0.03625 0.62867 -0.03925 0.63133 
-0.06325 0.62733 0.00875 0.628 
0.0095 0.62333 0.017 0.62733 
0.0215 0.62667 0.026 0.626 
0.03275 0.62267 0.03575 0.62 
0.0425 0.60867 0.03875 0.60533 
0.10325 0.59533 0.0875 0.55267 
0.047 0.73667 -0.11125 0.70933 
-0.12025 0.70533 -0.133 0.69933 
-0.1255 0.71933 -0.11875 0.72267 
-0.12775 0.73133 