0.459333333333 -0.0653333333333 0.43 -0.0646666666667
0.468 -0.0633333333333 0.459333333333 -0.0646666666667
0.616666666667 -0.0613333333333 0.617333333333 -0.0666666666667
0.62 -0.0666666666667 0.62 -0.064
0.424 -0.0646666666667 0.42 -0.0646666666667
0.43 -0.0653333333333 0.425333333333 -0.0653333333333
0.474666666667 -0.0626666666667 0.468 -0.0633333333333
0.476666666667 -0.0633333333333 0.474666666667 -0.0633333333333
0.62 -0.064 0.62 -0.0526666666667
0.616666666667 -0.0446666666667 0.616666666667 -0.0593333333333
0.574666666667 -0.056 0.580666666667 -0.0546666666667
0.446 -0.054 0.457333333333 -0.0553333333333
0.459333333333 -0.0553333333333 0.464666666667 -0.054
0.522666666667 -0.054 0.524 -0.056
0.580666666667 -0.0546666666667 0.588 -0.052
0.443333333333 -0.0553333333333 0.443333333333 -0.054
0.440666666667 -0.0533333333333 0.446 -0.054
0.464666666667 -0.054 0.473333333333 -0.05
0.434 -0.052 0.44 -0.0533333333333
0.579333333333 -0.0513333333333 0.576666666667 -0.0533333333333
0.449333333333 -0.052 0.446 -0.0506666666667
0.456666666667 -0.052 0.450666666667 -0.052
0.446 -0.0513333333333 0.440666666667 -0.0513333333333
0.462 -0.05 0.458 -0.0513333333333
0.587333333333 -0.0526666666667 0.59 -0.0493333333333
0.44 -0.0513333333333 0.434 -0.0493333333333
0.465333333333 -0.0493333333333 0.463333333333 -0.0513333333333
0.490666666667 -0.0513333333333 0.492666666667 -0.0493333333333
0.586 -0.0486666666667 0.579333333333 -0.0506666666667
0.473333333333 -0.05 0.474666666667 -0.0486666666667
0.518 -0.0493333333333 0.52 -0.05
0.566666666667 -0.0493333333333 0.572666666667 -0.05
0.62 -0.0506666666667 0.62 -0.044
0.442666666667 -0.0466666666667 0.448 -0.0486666666667
0.448 -0.0486666666667 0.451333333333 -0.048
0.468666666667 -0.048 0.465333333333 -0.0493333333333
0.590666666667 -0.05 0.594666666667 -0.044
0.492666666667 -0.0493333333333 0.494666666667 -0.0413333333333
0.516666666667 -0.048 0.518666666667 -0.048
0.552 -0.0473333333333 0.554666666667 -0.048
0.59 -0.046 0.586 -0.0486666666667
0.426666666667 -0.046 0.428666666667 -0.0473333333333
0.451333333333 -0.0473333333333 0.456 -0.0473333333333
0.471333333333 -0.0473333333333 0.468 -0.0473333333333
0.549333333333 -0.0466666666667 0.551333333333 -0.0473333333333
0.571333333333 -0.0473333333333 0.568 -0.048
0.436 -0.046 0.439333333333 -0.0473333333333
0.439333333333 -0.0466666666667 0.442 -0.0466666666667
0.458666666667 -0.0466666666667 0.461333333333 -0.046
0.489333333333 -0.0433333333333 0.488666666667 -0.048
0.560666666667 -0.044 0.562666666667 -0.0473333333333
0.463333333333 -0.046 0.466 -0.0446666666667
0.545333333333 -0.0446666666667 0.549333333333 -0.0466666666667
0.425333333333 -0.0426666666667 0.426666666667 -0.046
0.432666666667 -0.0446666666667 0.435333333333 -0.0453333333333
0.448666666667 -0.046 0.446 -0.0433333333333
0.467333333333 -0.0446666666667 0.47 -0.0446666666667
0.518666666667 -0.046 0.52 -0.0446666666667
0.556666666667 -0.0466666666667 0.558 -0.044
0.592 -0.042 0.589333333333 -0.046
0.458666666667 -0.044 0.458 -0.0453333333333
0.550666666667 -0.0453333333333 0.55 -0.044
0.553333333333 -0.0433333333333 0.553333333333 -0.0453333333333
0.431333333333 -0.0433333333333 0.432666666667 -0.044
0.434 -0.0446666666667 0.433333333333 -0.0433333333333
0.440666666667 -0.0446666666667 0.437333333333 -0.042
0.460666666667 -0.044 0.46 -0.0446666666667
0.471333333333 -0.0446666666667 0.472 -0.0426666666667
0.544 -0.042 0.545333333333 -0.0446666666667
0.575333333333 -0.0426666666667 0.578 -0.0446666666667
0.618 -0.0346666666667 0.617333333333 -0.0446666666667
0.450666666667 -0.042 0.452666666667 -0.044
0.514666666667 -0.042 0.516666666667 -0.044
0.523333333333 -0.0446666666667 0.521333333333 -0.042
0.550666666667 -0.044 0.548 -0.042
0.564 -0.0433333333333 0.568 -0.0426666666667
0.594666666667 -0.044 0.596 -0.0406666666667
0.442666666667 -0.0433333333333 0.443333333333 -0.0433333333333
0.46 -0.042 0.458666666667 -0.044
0.466666666667 -0.0433333333333 0.464666666667 -0.04
0.473333333333 -0.038 0.467333333333 -0.0433333333333
0.472666666667 -0.0426666666667 0.474 -0.042
0.556 -0.0373333333333 0.554 -0.0433333333333
0.582666666667 -0.0413333333333 0.580666666667 -0.0433333333333
0.442666666667 -0.0426666666667 0.443333333333 -0.0426666666667
0.456 -0.0426666666667 0.458 -0.0393333333333
0.548 -0.042 0.544666666667 -0.0406666666667
0.568666666667 -0.0426666666667 0.568666666667 -0.0406666666667
0.573333333333 -0.0413333333333 0.575333333333 -0.042
0.578666666667 -0.0426666666667 0.577333333333 -0.0406666666667
0.436666666667 -0.0413333333333 0.434 -0.0393333333333
0.442666666667 -0.0393333333333 0.442666666667 -0.042
0.446 -0.042 0.446666666667 -0.04
0.489333333333 -0.0393333333333 0.488666666667 -0.042
0.542666666667 -0.038 0.544 -0.0413333333333
0.586 -0.042 0.585333333333 -0.0406666666667
0.593333333333 -0.0406666666667 0.591333333333 -0.042
0.423333333333 -0.04 0.425333333333 -0.0406666666667
0.494 -0.0413333333333 0.493333333333 -0.0353333333333
0.566666666667 -0.04 0.564666666667 -0.0406666666667
0.586 -0.04 0.587333333333 -0.0386666666667
0.62 -0.0413333333333 0.621333333333 -0.036
0.447333333333 -0.0406666666667 0.447333333333 -0.0373333333333
0.459333333333 -0.0393333333333 0.460666666667 -0.0406666666667
0.46 -0.0386666666667 0.462 -0.0406666666667
0.52 -0.0393333333333 0.521333333333 -0.0406666666667
0.522 -0.0406666666667 0.521333333333 -0.0353333333333
0.577333333333 -0.0406666666667 0.574 -0.036
0.454666666667 -0.0386666666667 0.450666666667 -0.0386666666667
0.464666666667 -0.0393333333333 0.463333333333 -0.0353333333333
0.582 -0.0353333333333 0.583333333333 -0.04
0.584666666667 -0.0393333333333 0.586666666667 -0.038
0.590666666667 -0.0373333333333 0.593333333333 -0.0393333333333
0.422 -0.036 0.424 -0.0393333333333
0.538 -0.038 0.54 -0.0366666666667
0.544 -0.0386666666667 0.550666666667 -0.0353333333333
0.571333333333 -0.0366666666667 0.574 -0.0393333333333
0.434666666667 -0.0386666666667 0.436 -0.0353333333333
0.445333333333 -0.0326666666667 0.442 -0.0386666666667
0.458666666667 -0.0333333333333 0.459333333333 -0.0386666666667
0.473333333333 -0.036 0.478 -0.0366666666667
0.478 -0.0366666666667 0.480666666667 -0.0353333333333
0.54 -0.0366666666667 0.542 -0.0366666666667
0.558 -0.0353333333333 0.556 -0.0373333333333
0.594666666667 -0.038 0.597333333333 -0.0366666666667
0.598666666667 -0.0373333333333 0.600666666667 -0.0353333333333
0.447333333333 -0.0373333333333 0.448666666667 -0.0346666666667
0.562 -0.036 0.569333333333 -0.0346666666667
0.569333333333 -0.0353333333333 0.572 -0.036
0.449333333333 -0.0353333333333 0.450666666667 -0.0346666666667
0.468666666667 -0.034 0.473333333333 -0.0353333333333
0.550666666667 -0.0353333333333 0.555333333333 -0.0326666666667
0.574 -0.036 0.572666666667 -0.0326666666667
0.430666666667 -0.0346666666667 0.428666666667 -0.0333333333333
0.435333333333 -0.032 0.431333333333 -0.0346666666667
0.436 -0.0353333333333 0.44 -0.0313333333333
0.486 -0.034 0.488666666667 -0.0353333333333
0.488 -0.0333333333333 0.489333333333 -0.036
0.56 -0.0313333333333 0.558666666667 -0.0353333333333
0.591333333333 -0.034 0.584 -0.0346666666667
0.6 -0.0353333333333 0.600666666667 -0.032
0.451333333333 -0.0333333333333 0.458666666667 -0.0333333333333
0.465333333333 -0.0313333333333 0.468 -0.034
0.493333333333 -0.0353333333333 0.492 -0.032
0.521333333333 -0.0346666666667 0.52 -0.034
0.537333333333 -0.034 0.535333333333 -0.0353333333333
0.542666666667 -0.032 0.537333333333 -0.034
0.595333333333 -0.0326666666667 0.593333333333 -0.034
0.428 -0.0326666666667 0.423333333333 -0.0326666666667
0.462 -0.034 0.461333333333 -0.03
0.486666666667 -0.0326666666667 0.487333333333 -0.034
0.528666666667 -0.034 0.532 -0.0286666666667
0.477333333333 -0.032 0.475333333333 -0.032
0.486 -0.0313333333333 0.486666666667 -0.0326666666667
0.549333333333 -0.0313333333333 0.542666666667 -0.0313333333333
0.439333333333 -0.03 0.435333333333 -0.032
0.447333333333 -0.028 0.445333333333 -0.032
0.486 -0.0313333333333 0.488 -0.0326666666667
0.555333333333 -0.0313333333333 0.55 -0.0313333333333
0.562666666667 -0.0313333333333 0.560666666667 -0.0313333333333
0.572666666667 -0.0326666666667 0.570666666667 -0.0306666666667
0.574 -0.0326666666667 0.570666666667 -0.03
0.600666666667 -0.0313333333333 0.598 -0.0313333333333
0.476 -0.0306666666667 0.467333333333 -0.03
0.492666666667 -0.032 0.490666666667 -0.03
0.565333333333 -0.0306666666667 0.560666666667 -0.0306666666667
0.46 -0.03 0.458 -0.0293333333333
0.483333333333 -0.0293333333333 0.485333333333 -0.0306666666667
0.484 -0.028 0.486 -0.0306666666667
0.569333333333 -0.03 0.564 -0.03
0.618666666667 -0.0246666666667 0.618666666667 -0.0313333333333
0.529333333333 -0.028 0.529333333333 -0.0306666666667
0.458666666667 -0.0286666666667 0.454666666667 -0.028
0.491333333333 -0.03 0.488666666667 -0.0246666666667
0.454666666667 -0.028 0.450666666667 -0.0273333333333
0.449333333333 -0.028 0.450666666667 -0.0266666666667
0.532 -0.028 0.534 -0.026
0.482 -0.026 0.484 -0.0273333333333
0.530666666667 -0.024 0.529333333333 -0.028
0.482666666667 -0.024 0.484666666667 -0.0266666666667
0.481333333333 -0.026 0.481333333333 -0.0233333333333
0.517333333333 -0.026 0.517333333333 -0.0253333333333
0.534666666667 -0.026 0.537333333333 -0.0213333333333
0.489333333333 -0.0246666666667 0.486 -0.02
0.532666666667 -0.0226666666667 0.530666666667 -0.0246666666667
0.48 -0.022 0.481333333333 -0.0226666666667
0.477333333333 -0.0206666666667 0.479333333333 -0.022
0.535333333333 -0.0186666666667 0.532666666667 -0.022
0.486 -0.02 0.483333333333 -0.016
0.538 -0.0186666666667 0.540666666667 -0.0166666666667
0.534666666667 -0.0166666666667 0.537333333333 -0.016
0.537333333333 -0.0153333333333 0.538 -0.016
0.483333333333 -0.016 0.480666666667 -0.0113333333333
0.537333333333 -0.0146666666667 0.539333333333 -0.0133333333333
0.541333333333 -0.014 0.541333333333 -0.0106666666667
0.51 -0.00133333333333 0.509333333333 0.00133333333333
0.619333333333 0.002 0.622 0.00133333333333
0.618666666667 0.00266666666667 0.619333333333 0.000666666666667
0.51 0.00133333333333 0.51 0.006
0.617333333333 0.00733333333333 0.618666666667 0.00266666666667
0.475333333333 0.00733333333333 0.476 0.008
0.48 0.00733333333333 0.478 0.0126666666667
0.476666666667 0.012 0.476 0.00866666666667
0.533333333333 0.00866666666667 0.533333333333 0.01
0.478666666667 0.0153333333333 0.48 0.014
0.473333333333 0.0153333333333 0.474 0.0153333333333
0.476 0.02 0.478666666667 0.016
0.480666666667 0.0146666666667 0.479333333333 0.0186666666667
0.473333333333 0.016 0.474 0.016
0.536666666667 0.0153333333333 0.538666666667 0.022
0.473333333333 0.022 0.474 0.0166666666667
0.534 0.0213333333333 0.533333333333 0.018
0.479333333333 0.0193333333333 0.476666666667 0.0226666666667
0.53 0.0193333333333 0.528 0.0213333333333
0.472 0.0213333333333 0.472666666667 0.0286666666667
0.526666666667 0.022 0.528 0.022
0.538666666667 0.022 0.540666666667 0.026
0.470666666667 0.0273333333333 0.47 0.0226666666667
0.526666666667 0.0246666666667 0.524666666667 0.022
0.536 0.03 0.534666666667 0.0233333333333
0.541333333333 0.026 0.541333333333 0.04
0.53 0.032 0.528 0.0273333333333
0.531333333333 0.0273333333333 0.532666666667 0.03
0.471333333333 0.0353333333333 0.472 0.03
0.536 0.0353333333333 0.536 0.032
0.470666666667 0.036 0.470666666667 0.0346666666667
0.535333333333 0.0366666666667 0.537333333333 0.0353333333333
0.534666666667 0.04 0.535333333333 0.0366666666667
0.540666666667 0.04 0.539333333333 0.0426666666667
0.533333333333 0.048 0.534 0.0413333333333
0.470666666667 0.0446666666667 0.472666666667 0.0426666666667
0.539333333333 0.0426666666667 0.536 0.0506666666667
0.474 0.0446666666667 0.471333333333 0.046
0.478 0.0493333333333 0.48 0.0513333333333
0.533333333333 0.0506666666667 0.532 0.0486666666667
0.533333333333 0.052 0.533333333333 0.0493333333333
0.481333333333 0.05 0.481333333333 0.0513333333333
0.615333333333 0.052 0.616 0.05
0.479333333333 0.0513333333333 0.482 0.0526666666667
0.482666666667 0.0513333333333 0.482666666667 0.0526666666667
0.613333333333 0.0566666666667 0.615333333333 0.0526666666667
0.618666666667 0.052 0.618 0.0533333333333
0.476 0.0546666666667 0.478 0.0533333333333
0.482666666667 0.0533333333333 0.488666666667 0.0593333333333
0.618 0.0533333333333 0.618 0.0573333333333
0.476 0.0566666666667 0.474 0.0546666666667
0.476666666667 0.0566666666667 0.476666666667 0.0593333333333
0.516 0.0593333333333 0.517333333333 0.0573333333333
0.518 0.058 0.518 0.0593333333333
0.524666666667 0.0606666666667 0.529333333333 0.0586666666667
0.617333333333 0.0573333333333 0.618 0.0586666666667
0.618666666667 0.058 0.619333333333 0.0593333333333
0.516 0.0593333333333 0.517333333333 0.0586666666667
0.478666666667 0.0613333333333 0.479333333333 0.0593333333333
0.488666666667 0.06 0.489333333333 0.0626666666667
0.513333333333 0.0613333333333 0.516 0.06
0.521333333333 0.0613333333333 0.524666666667 0.0606666666667
0.478 0.0626666666667 0.478 0.06
0.518 0.06 0.52 0.0613333333333
0.530666666667 0.06 0.528666666667 0.0626666666667
0.613333333333 0.074 0.614 0.06
0.531333333333 0.0613333333333 0.529333333333 0.0633333333333
0.529333333333 0.0633333333333 0.527333333333 0.0646666666667
0.489333333333 0.0626666666667 0.487333333333 0.0666666666667
0.518666666667 0.0673333333333 0.514666666667 0.064
0.62 0.0633333333333 0.618 0.066
0.514666666667 0.0653333333333 0.510666666667 0.0666666666667
0.527333333333 0.0653333333333 0.526 0.066
0.522666666667 0.068 0.518666666667 0.0673333333333
0.616666666667 0.0686666666667 0.619333333333 0.068
0.618 0.0693333333333 0.618 0.0726666666667
0.618 0.0726666666667 0.616666666667 0.0766666666667
0.610666666667 0.0873333333333 0.613333333333 0.0753333333333
0.564666666667 0.078 0.568666666667 0.082
0.617333333333 0.0773333333333 0.614666666667 0.0866666666667
0.568666666667 0.084 0.565333333333 0.08
0.567333333333 0.0893333333333 0.569333333333 0.0866666666667
0.57 0.0873333333333 0.569333333333 0.0906666666667
0.608666666667 0.094 0.610666666667 0.0873333333333
0.615333333333 0.0873333333333 0.613333333333 0.094
0.607333333333 0.0986666666667 0.608666666667 0.094
0.613333333333 0.094 0.610666666667 0.101333333333
0.506 0.0986666666667 0.500666666667 0.0986666666667
0.604 0.106 0.606666666667 0.0986666666667
0.418 0.0993333333333 0.418 0.101333333333
0.458666666667 0.1 0.462666666667 0.100666666667
0.462666666667 0.101333333333 0.468 0.103333333333
0.549333333333 0.103333333333 0.552666666667 0.102
0.552666666667 0.101333333333 0.554 0.102666666667
0.418 0.102 0.42 0.106666666667
0.610666666667 0.102 0.608 0.108666666667
0.458666666667 0.104666666667 0.456 0.102
0.468 0.103333333333 0.474666666667 0.103333333333
0.475333333333 0.103333333333 0.483333333333 0.105333333333
0.546 0.105333333333 0.549333333333 0.103333333333
0.462666666667 0.106666666667 0.458666666667 0.104666666667
0.532 0.106 0.546 0.105333333333
0.555333333333 0.104666666667 0.555333333333 0.106666666667
0.483333333333 0.105333333333 0.488666666667 0.107333333333
0.526 0.108 0.531333333333 0.106
0.466 0.109333333333 0.462666666667 0.107333333333
0.602 0.11 0.604 0.106666666667
0.42 0.106666666667 0.422666666667 0.112
0.491333333333 0.108 0.496666666667 0.109333333333
0.51 0.109333333333 0.523333333333 0.108
0.555333333333 0.107333333333 0.554 0.108
0.556 0.107333333333 0.555333333333 0.108666666667
0.477333333333 0.11 0.466 0.109333333333
0.496666666667 0.109333333333 0.500666666667 0.110666666667
0.502666666667 0.11 0.51 0.109333333333
0.553333333333 0.108666666667 0.550666666667 0.11
0.481333333333 0.110666666667 0.477333333333 0.110666666667
0.554 0.108666666667 0.550666666667 0.110666666667
0.606 0.11 0.608 0.109333333333
0.545333333333 0.110666666667 0.532 0.111333333333
0.486666666667 0.111333333333 0.481333333333 0.111333333333
FACE DONE
0.408666666667 -0.189333333333 0.408666666667 -0.194666666667
0.412 -0.193333333333 0.414 -0.186666666667
0.412666666667 -0.184666666667 0.408666666667 -0.19
0.442666666667 -0.183333333333 0.457333333333 -0.182666666667
0.393333333333 -0.131333333333 0.406666666667 -0.182666666667
0.412 -0.182666666667 0.405333333333 -0.164
0.458666666667 -0.18 0.445333333333 -0.180666666667
0.591333333333 -0.177333333333 0.584 -0.181333333333
0.588666666667 -0.180666666667 0.605333333333 -0.166
0.433333333333 -0.176666666667 0.453333333333 -0.177333333333
0.613333333333 -0.129333333333 0.592 -0.177333333333
0.414666666667 -0.158666666667 0.431333333333 -0.177333333333
0.453333333333 -0.175333333333 0.466 -0.170666666667
0.445333333333 -0.174666666667 0.422666666667 -0.162666666667
0.462 -0.165333333333 0.446 -0.173333333333
0.611333333333 -0.169333333333 0.609333333333 -0.173333333333
0.464666666667 -0.171333333333 0.462 -0.166
0.604666666667 -0.166666666667 0.604666666667 -0.161333333333
0.615333333333 -0.16 0.612666666667 -0.164
0.406 -0.163333333333 0.399333333333 -0.136666666667
0.423333333333 -0.162 0.419333333333 -0.154666666667
0.605333333333 -0.161333333333 0.610666666667 -0.152666666667
0.407333333333 -0.14 0.415333333333 -0.158
0.419333333333 -0.154666666667 0.405333333333 -0.119333333333
0.608 -0.153333333333 0.618 -0.133333333333
0.401333333333 -0.121333333333 0.408 -0.139333333333
0.399333333333 -0.135333333333 0.399333333333 -0.124666666667
0.395333333333 -0.111333333333 0.394666666667 -0.131333333333
0.617333333333 -0.129333333333 0.619333333333 -0.112666666667
0.616666666667 -0.112 0.612 -0.128666666667
0.51 -0.127333333333 0.513333333333 -0.122
0.405333333333 -0.118666666667 0.396666666667 -0.109333333333
0.618666666667 -0.078 0.616666666667 -0.110666666667
0.62 -0.108 0.620666666667 -0.0913333333333
0.662666666667 -0.0946666666667 0.670666666667 -0.1
0.672666666667 -0.0993333333333 0.664 -0.094
0.397333333333 -0.098 0.404 -0.0906666666667
0.398666666667 -0.0526666666667 0.395333333333 -0.096
0.582 -0.0946666666667 0.589333333333 -0.0946666666667
0.589333333333 -0.0946666666667 0.601333333333 -0.09
0.584666666667 -0.0906666666667 0.584 -0.094
0.404 -0.0906666666667 0.401333333333 -0.0733333333333
0.591333333333 -0.088 0.583333333333 -0.09
0.620666666667 -0.0893333333333 0.62 -0.0813333333333
0.408666666667 -0.0766666666667 0.432 -0.0886666666667
0.433333333333 -0.0873333333333 0.466666666667 -0.0813333333333
0.5 -0.088 0.504666666667 -0.0806666666667
0.550666666667 -0.0826666666667 0.558666666667 -0.0866666666667
0.437333333333 -0.0826666666667 0.428666666667 -0.084
0.541333333333 -0.0773333333333 0.550666666667 -0.0833333333333
0.56 -0.0833333333333 0.553333333333 -0.082
0.428 -0.082 0.421333333333 -0.0773333333333
0.467333333333 -0.0806666666667 0.479333333333 -0.0713333333333
0.554 -0.0766666666667 0.558666666667 -0.0806666666667
0.456 -0.0786666666667 0.444 -0.0786666666667
0.443333333333 -0.0786666666667 0.436666666667 -0.0773333333333
0.421333333333 -0.078 0.415333333333 -0.076
0.464 -0.0746666666667 0.457333333333 -0.0773333333333
0.559333333333 -0.0773333333333 0.562 -0.072
0.476 -0.0686666666667 0.465333333333 -0.076
0.408 -0.0726666666667 0.409333333333 -0.076
0.415333333333 -0.074 0.425333333333 -0.0686666666667
0.569333333333 -0.072 0.576666666667 -0.074
0.428666666667 -0.072 0.434666666667 -0.07
0.402 -0.0733333333333 0.403333333333 -0.0693333333333
0.554666666667 -0.0726666666667 0.562666666667 -0.0706666666667
0.586 -0.0733333333333 0.581333333333 -0.0686666666667
0.443333333333 -0.0713333333333 0.458666666667 -0.0706666666667
0.563333333333 -0.0713333333333 0.560666666667 -0.0713333333333
0.458666666667 -0.07 0.464666666667 -0.068
0.564 -0.0713333333333 0.564666666667 -0.0713333333333
0.619333333333 -0.0706666666667 0.624 -0.0653333333333
0.572 -0.0686666666667 0.555333333333 -0.0706666666667
0.580666666667 -0.07 0.572666666667 -0.068
0.402 -0.0673333333333 0.403333333333 -0.0606666666667
0.402666666667 -0.0606666666667 0.402 -0.0506666666667
0.626 -0.0566666666667 0.633333333333 -0.0526666666667
0.398 -0.0473333333333 0.398666666667 -0.0526666666667
0.644 -0.044 0.637333333333 -0.048
0.400666666667 -0.0426666666667 0.398 -0.0466666666667
0.404 -0.044 0.402666666667 -0.0406666666667
0.399333333333 -0.0346666666667 0.400666666667 -0.0406666666667
0.403333333333 -0.0393333333333 0.400666666667 -0.0306666666667
0.627333333333 -0.0173333333333 0.626 -0.026
0.671333333333 -0.008 0.678 -0.012
0.405333333333 0.0426666666667 0.406666666667 0.0466666666667
0.364 0.048 0.37 0.05
0.377333333333 0.0493333333333 0.386 0.0486666666667
0.388 0.0506666666667 0.392666666667 0.0493333333333
0.392666666667 0.0493333333333 0.396666666667 0.0513333333333
0.396666666667 0.0506666666667 0.404666666667 0.05
0.385333333333 0.0493333333333 0.385333333333 0.054
0.405333333333 0.0493333333333 0.414666666667 0.096
0.368 0.0513333333333 0.362666666667 0.0513333333333
0.398666666667 0.0546666666667 0.388 0.0506666666667
0.402 0.0573333333333 0.399333333333 0.0526666666667
0.382 0.056 0.378666666667 0.0526666666667
0.386 0.0546666666667 0.382 0.0553333333333
0.378 0.0546666666667 0.373333333333 0.056
0.414666666667 0.112 0.400666666667 0.058
0.415333333333 0.096 0.43 0.13
0.410666666667 0.125333333333 0.416 0.111333333333
0.518666666667 0.114 0.524 0.116
0.508 0.117333333333 0.502666666667 0.118
0.524 0.120666666667 0.510666666667 0.117333333333
0.528 0.116666666667 0.524 0.122
0.474666666667 0.118 0.478666666667 0.123333333333
0.419333333333 0.118666666667 0.414 0.126666666667
0.424666666667 0.135333333333 0.42 0.118
0.354 0.120666666667 0.366666666667 0.120666666667
0.366666666667 0.120666666667 0.373333333333 0.123333333333
0.524666666667 0.126 0.534 0.120666666667
0.488666666667 0.131333333333 0.474 0.122
0.352666666667 0.128 0.354666666667 0.121333333333
0.380666666667 0.124 0.386 0.127333333333
0.48 0.123333333333 0.489333333333 0.13
0.384 0.129333333333 0.378666666667 0.125333333333
0.6 0.125333333333 0.613333333333 0.143333333333
0.412 0.133333333333 0.413333333333 0.126666666667
0.529333333333 0.129333333333 0.524666666667 0.126666666667
0.416 0.127333333333 0.412 0.143333333333
0.43 0.13 0.434 0.182666666667
0.592 0.130666666667 0.591333333333 0.130666666667
0.593333333333 0.130666666667 0.592666666667 0.130666666667
0.516666666667 0.133333333333 0.524 0.130666666667
0.590666666667 0.130666666667 0.588666666667 0.139333333333
0.592666666667 0.131333333333 0.593333333333 0.131333333333
0.525333333333 0.132 0.52 0.134666666667
0.61 0.15 0.593333333333 0.130666666667
0.601333333333 0.133333333333 0.606666666667 0.136666666667
0.588 0.138 0.579333333333 0.147333333333
0.360666666667 0.144666666667 0.356666666667 0.137333333333
0.425333333333 0.148 0.423333333333 0.138666666667
0.571333333333 0.157333333333 0.580666666667 0.14
0.437333333333 0.142 0.442666666667 0.152666666667
0.612 0.143333333333 0.619333333333 0.171333333333
0.651333333333 0.144 0.666666666667 0.151333333333
0.654666666667 0.154666666667 0.648 0.146
0.441333333333 0.152666666667 0.436666666667 0.146666666667
0.579333333333 0.148 0.574 0.154
0.616666666667 0.182666666667 0.61 0.15
0.546666666667 0.185333333333 0.572 0.154
0.424666666667 0.157333333333 0.426 0.153333333333
0.663333333333 0.154 0.672 0.163333333333
0.572 0.156 0.564666666667 0.166666666667
0.670666666667 0.171333333333 0.664 0.156
0.412 0.157333333333 0.412 0.167333333333
0.433333333333 0.198666666667 0.425333333333 0.157333333333
0.436666666667 0.176 0.437333333333 0.16
0.438 0.164 0.440666666667 0.198666666667
0.567333333333 0.164 0.56 0.178
0.671333333333 0.164666666667 0.672666666667 0.169333333333
0.618666666667 0.172 0.622666666667 0.180666666667
0.476666666667 0.196666666667 0.458666666667 0.179333333333
0.560666666667 0.178666666667 0.556 0.198666666667
0.465333333333 0.180666666667 0.472666666667 0.187333333333
0.554666666667 0.182 0.55 0.188
0.552666666667 0.195333333333 0.556 0.182
0.622666666667 0.182 0.619333333333 0.198666666667
0.614 0.198666666667 0.616 0.182666666667
0.53 0.194666666667 0.536666666667 0.186
0.536666666667 0.186666666667 0.542 0.188
0.472666666667 0.187333333333 0.478 0.193333333333
0.541333333333 0.188 0.538 0.190666666667
0.539333333333 0.192 0.533333333333 0.195333333333