-0.16375 0.37933 
-0.16225 0.382 -0.16225 0.38467 
-0.16075 0.38867 -0.16 0.39867 
-0.1555 0.398 -0.15175 0.40133 
-0.1495 0.402 -0.14575 0.402 
-0.13975 0.40067 -0.13375 0.40333 
-0.1315 0.402 -0.133 0.40067 
-0.133 0.40667 -0.1285 0.40933 
-0.12625 0.41133 -0.12775 0.414 
-0.12625 0.41533 -0.1225 0.416 
-0.121 0.418 -0.12025 0.41467 
-0.12325 0.41267 -0.124 0.4 
-0.11875 0.39533 -0.11725 0.39667 
-0.115 0.39867 -0.10975 0.39533 
-0.11125 0.39333 -0.1075 0.388 
-0.1105 0.38533 -0.1075 0.37133 
-0.10975 0.37067 -0.11125 0.36933 
-0.1105 0.36467 -0.115 0.36067 
-0.115 0.35867 -0.121 0.36067 
-0.12175 0.36933 -0.12475 0.37 
-0.127 0.368 -0.1285 0.36533 
-0.13225 0.372 -0.12925 0.37333 
-0.12175 0.37467 -0.12625 0.382 
-0.1285 0.384 -0.12625 0.388 
-0.1315 0.394 -0.13975 0.388 
-0.14575 0.388 -0.154 0.378 
-0.157 0.37333 -0.15925 0.37267 
-0.15475 0.36667 -0.1525 0.36867 
-0.1615 0.36467 -0.1525 0.35333 
-0.1525 0.35 -0.15775 0.35 
-0.1405 0.35 -0.13675 0.35 
-0.13 0.35 -0.127 0.35 
-0.115 0.35 -0.11275 0.352 
-0.106 0.354 -0.10375 0.35 
-0.10075 0.35 -0.09925 0.35667 
-0.1015 0.36267 -0.1 0.36467 
-0.10225 0.36533 -0.09925 0.376 
-0.09625 0.37667 -0.079 0.366 
-0.0775 0.36467 -0.08425 0.36 
-0.08575 0.358 -0.08875 0.35467 
-0.09025 0.35333 -0.07975 0.35 
-0.07075 0.35 -0.06175 0.35 
-0.061 0.35467 -0.0565 0.35 
-0.05125 0.358 -0.05125 0.36067 
-0.05725 0.36067 -0.058 0.36333 
-0.0625 0.36733 -0.06775 0.366 
-0.07 0.36933 -0.06625 0.362 
-0.067 0.35933 -0.04525 0.35533 
-0.0415 0.35733 -0.0415 0.35933 
-0.043 0.36133 -0.04525 0.36333 
-0.037 0.36533 -0.03625 0.36333 
-0.0265 0.36267 -0.02575 0.36467 
-0.02125 0.36667 -0.01825 0.36533 
-0.0205 0.358 -0.01825 0.35667 
-0.01375 0.35067 -0.01 0.35 
0.00425 0.35267 0.0065 0.35067 
0.011 0.35 0.01775 0.35333 
0.02225 0.35467 0.02375 0.35733 
0.02975 0.36 0.02975 0.362 
0.02825 0.372 0.02825 0.374 
0.03275 0.388 0.03125 0.38933 
0.02675 0.398 0.02375 0.40067 
0.014 0.39333 0.014 0.39133 
0.008 0.38533 0.0095 0.384 
-0.004 0.37467 -0.0025 0.37133 
-0.001 0.37 -0.007 0.36733 
-0.00625 0.36533 0.0035 0.36267 
0.00575 0.36 0.01175 0.36133 
0.014 0.35933 0.0185 0.362 
0.0335 0.35 0.03725 0.35 
0.038 0.356 0.047 0.36333 
0.0455 0.36667 0.0485 0.37133 
0.0515 0.366 0.05975 0.36667 
0.06575 0.37267 0.06125 0.376 
0.059 0.37933 0.0515 0.38333 
0.05375 0.39 0.05525 0.39733 
0.062 0.4 0.0635 0.398 
0.0575 0.408 0.06425 0.414 
0.0635 0.41667 0.0695 0.428 
0.06725 0.42933 0.0755 0.434 
0.074 0.436 0.083 0.442 
0.08675 0.44733 0.0845 0.45 
0.0845 0.46933 0.08375 0.47133 
0.0875 0.47867 0.08975 0.478 
0.095 0.48067 0.10175 0.472 
0.09875 0.466 0.10175 0.46467 
0.11525 0.46467 0.1175 0.46467 
0.119 0.462 0.11825 0.434 0.116 0.43267 
0.11825 0.428 0.11975 0.358 0.116 0.35 0.11225 0.354 
0.10925 0.35 0.10325 0.35 
0.11225 0.36 0.11525 0.35933 
0.10925 0.366 0.10625 0.37 
0.10475 0.378 0.1025 0.38 
0.09725 0.38133 0.09575 0.38467 
0.098 0.38933 0.10025 0.39333 
0.1085 0.39667 0.11 0.39867 
0.10775 0.39933 0.1175 0.39333 
0.116 0.38733 0.1175 0.38533 
0.11 0.38333 0.11075 0.38133 
0.09575 0.372 0.09425 0.36667 
0.08825 0.36667 0.08825 0.36867 
0.089 0.37667 0.08975 0.38133 
0.086 0.38133 0.08375 0.38267 
0.086 0.38467 0.086 0.38733 
0.08375 0.39 0.07175 0.38 
0.06875 0.38067 0.068 0.38267 
0.07325 0.37667 0.08 0.37333 
0.08075 0.36067 0.0785 0.35933 
0.07625 0.35867 0.08 0.354 
0.0815 0.35 0.08675 0.34933 
0.07175 0.35 0.06275 0.35 
0.0575 0.35 0.053 0.35 
0.04625 0.378 0.041 0.388 
0.0425 0.4 0.041 0.402 
0.044 0.40733 0.04325 0.40933 
0.05 0.414 0.04775 0.41667 
0.05675 0.46933 0.05675 0.47133 
0.05525 0.47267 0.05975 0.47667 
0.05825 0.484 0.06275 0.486 
0.068 0.48333 0.074 0.484 
0.0755 0.48733 0.068 0.47333 
0.0695 0.47067 0.04025 0.47467 
0.03875 0.48067 0.0365 0.48333 
0.03425 0.484 0.02825 0.48467 
0.026 0.48533 0.026 0.48333 
0.02225 0.48333 0.02525 0.48867 
0.02825 0.48867 0.0455 0.488 
0.047 0.50733 0.0485 0.51067 
0.0485 0.51333 0.05075 0.514 
0.05375 0.516 0.05375 0.518 
0.05075 0.522 0.0485 0.522 
0.04625 0.52533 0.047 0.52733 
0.044 0.52667 0.04175 0.526 
0.044 0.52333 0.04025 0.52133 
0.0365 0.524 0.02825 0.52867 
0.02675 0.52333 0.02675 0.52 
0.023 0.52133 0.023 0.512 
0.0335 0.508 0.0395 0.51067 
0.038 0.51333 0.047 0.51667 
0.053 0.52333 0.0515 0.52667 
0.0545 0.528 0.053 0.532 
0.0605 0.53333 0.0605 0.52733 
0.059 0.52467 0.06125 0.522 
0.0635 0.51667 0.05975 0.51467 
0.05525 0.50933 0.0605 0.50733 
0.06425 0.508 0.06875 0.51267 
0.068 0.518 0.07325 0.51667 
0.07475 0.51333 0.07475 0.51 
0.08225 0.514 0.083 0.51733 
0.07475 0.524 0.0725 0.52133 
0.07025 0.528 0.06875 0.53 
0.0665 0.52533 0.11075 0.52667 
0.1145 0.52667 0.1175 0.51933 0.119 0.402 
0.1175 0.408 0.11525 0.40867 
0.11525 0.41467 0.11225 0.41467 
0.11525 0.418 0.11375 0.42333 
0.113 0.42533 0.11675 0.45 
0.11375 0.44933 0.11825 0.54733 
0.1115 0.544 0.10925 0.55333 
0.10925 0.55933 0.107 0.562 
0.107 0.56733 0.1145 0.56667 
0.1145 0.56267 0.119 0.60467 
0.11225 0.73667 0.11225 0.734 
0.116 0.72667 0.1175 0.72267 
0.11525 0.74933 
0.11 0.74867 0.09275 0.72333 
0.08675 0.72733 0.0845 0.72133 
0.07625 0.72333 0.074 0.72867 
0.07175 0.72733 0.06725 0.72467 
0.0725 0.73467 0.07475 0.73733 
0.0785 0.73733 0.071 0.74 
0.0665 0.74867 0.0635 0.74867 
0.0545 0.74867 0.0515 0.74867 
0.04925 0.74867 0.04475 0.74933 
0.04025 0.74933 0.03425 0.74933 
0.04925 0.73933 0.047 0.732 
0.04775 0.73 0.053 0.72733 
0.056 0.71867 0.05675 0.71667 
0.05375 0.716 0.06425 0.69133 
0.06125 0.67733 0.0665 0.67067 
0.07175 0.65067 0.074 0.64467 
0.04775 0.65133 0.0455 0.65133 
0.04175 0.65733 0.038 0.658 
0.03875 0.662 0.02825 0.64867 
0.026 0.65067 0.02075 0.644 
0.02375 0.64133 0.01775 0.63933 
0.01025 0.64067 0.011 0.644 
0.00875 0.644 0.008 0.64667 
0.01025 0.64667 0.005 0.64933 
0.005 0.65267 0.0005 0.64267 
-0.00475 0.63733 -0.01225 0.63667 
-0.01525 0.64133 -0.01375 0.64267 
-0.01975 0.644 -0.02275 0.646 
-0.02725 0.64467 -0.03175 0.646 
-0.034 0.64667 -0.0385 0.644 
-0.04225 0.646 -0.0475 0.64333 
-0.04825 0.64133 -0.05275 0.64067 
-0.05425 0.63933 -0.05725 0.638 
-0.061 0.63867 -0.058 0.63133 
-0.05425 0.63 -0.06325 0.62933 
-0.08125 0.63133 -0.08275 0.63533 
-0.0835 0.63733 -0.07975 0.63933 
-0.079 0.64267 -0.0895 0.63533 
-0.0925 0.63667 -0.09325 0.63333 
-0.0925 0.63133 -0.0865 0.62933 
-0.07375 0.592 -0.07075 0.59267 
-0.0715 0.58867 -0.0775 0.586 
-0.076 0.57867 -0.07075 0.58133 
-0.0685 0.57733 -0.06325 0.57467 
-0.06175 0.56933 -0.061 0.56733 
-0.058 0.568 -0.055 0.57267 
-0.05125 0.57133 -0.0475 0.572 
-0.04375 0.57133 -0.0445 0.56933 
-0.043 0.56467 -0.04225 0.562 
-0.0475 0.56467 -0.05725 0.562 
-0.05725 0.578 -0.05875 0.57933 
-0.05425 0.58 -0.04975 0.57667 
-0.05125 0.59333 -0.0535 0.59467 
-0.049 0.59533 -0.04525 0.594 
-0.04525 0.59867 -0.04075 0.6 
-0.04225 0.60333 -0.03775 0.60333 
-0.034 0.604 -0.03325 0.606 
-0.02875 0.604 -0.0265 0.60667 
-0.01675 0.60267 -0.0175 0.59933 
-0.01225 0.602 -0.01075 0.60333 
-0.01075 0.598 -0.00325 0.60133 
0.0005 0.58733 -0.001 0.58333 
-0.00025 0.58067 -0.00625 0.58067 
0.00575 0.574 0.00575 0.568 
0.0065 0.566 0.00425 0.566 
-0.0115 0.56267 -0.0145 0.56 
0.01625 0.57933 0.0185 0.58333 
0.0125 0.58467 0.01475 0.59133 
0.01925 0.59533 0.01625 0.59933 
0.01475 0.60067 -0.028 0.62533 
-0.03025 0.626 -0.03025 0.628 
-0.03025 0.63133 -0.03325 0.63 
-0.037 0.62933 -0.03775 0.62667 
-0.04225 0.62733 -0.0445 0.62733 
-0.0445 0.62533 -0.04525 0.63133 
-0.037 0.636 -0.03625 0.63867 
-0.01975 0.636 -0.034 0.65733 
-0.03325 0.66 -0.0385 0.65533 
-0.04375 0.65467 -0.0805 0.70867 
-0.07975 0.71067 -0.06175 0.722 
-0.05125 0.72133 -0.0445 0.722 
-0.0445 0.724 -0.0415 0.72 
-0.016 0.71467 -0.0145 0.718 
-0.004 0.71333 -0.0025 0.71533 
0.02675 0.68667 0.02825 0.68333 
0.03275 0.68533 0.0755 0.61 
0.077 0.60533 0.07925 0.606 
0.08075 0.60333 0.10175 0.58467 
0.107 0.58533 0.1085 0.592 
0.11075 0.57667 0.10325 0.57667 
0.101 0.57467 0.11375 0.49867 0.11525 0.48667 
0.11375 0.48467 0.119 0.48667 
0.1175 0.47933 0.101 0.49133 
0.0995 0.49267 -0.028 0.35 -0.031 0.35 
-0.0445 0.35 -0.13375 0.38267 
-0.142 0.40733 -0.14275 0.41333 
-0.13825 0.41467 -0.14575 0.41733 
-0.148 0.416 -0.142 0.42333 
-0.14575 0.42533 -0.148 0.426 
-0.1555 0.422 -0.15925 0.42067 
-0.1645 0.41533 -0.16975 0.41267 
-0.1675 0.40267 
-0.1615 0.404 -0.15775 0.40867 
-0.15325 0.40533 -0.16675 0.42133 
-0.16675 0.43733 -0.1675 0.43933 
-0.16525 0.44133 -0.16975 0.44267 
-0.16825 0.446 -0.16 0.444 
-0.15775 0.44667 -0.15775 0.44867 
-0.15475 0.446 -0.15625 0.44333 
-0.151 0.44533 -0.14875 0.44 
-0.14425 0.44133 -0.14125 0.44467 
-0.13975 0.44933 -0.1375 0.45067 
-0.13075 0.46067 -0.12925 0.46267 
-0.12625 0.462 -0.12025 0.45267 
-0.124 0.44533 -0.12475 0.43133 
-0.12775 0.43 -0.13525 0.43267 
-0.1375 0.43 -0.14875 0.43467 
-0.15325 0.45733 -0.154 0.47133 
-0.15625 0.47133 -0.16075 0.47733 
-0.1645 0.46933 -0.16525 0.46533 
-0.16825 0.47133 -0.1645 0.49933 
-0.16375 0.49667 -0.16075 0.50533 
-0.166 0.508 -0.169 0.50867 
-0.166 0.51333 -0.163 0.51267 
-0.16 0.51267 -0.16 0.53 
-0.1645 0.53667 -0.1675 0.53733 
-0.157 0.54933 
-0.15175 0.57533 -0.15475 0.57933 
-0.15925 0.586 -0.1555 0.59133 
-0.15925 0.59267 -0.15925 0.59867 
-0.1615 0.60267 -0.1645 0.60333 
-0.157 0.60467 
-0.15475 0.60267 -0.1375 0.46933 -0.136 0.47133 
-0.148 0.48467 -0.1495 0.48733 
-0.15175 0.486 -0.151 0.49133 
-0.12025 0.49267 -0.12025 0.49467 
-0.11125 0.49133 -0.109 0.498 
-0.1075 0.49933 -0.1075 0.50267 
-0.1105 0.50333 -0.11125 0.50867 
-0.1075 0.50867 -0.10525 0.50933 
-0.103 0.506 -0.09925 0.50133 
-0.09925 0.49733 -0.097 0.49733 
-0.094 0.496 -0.0895 0.49667 
-0.0865 0.5 -0.08575 0.50267 
-0.091 0.50533 -0.09325 0.50333 
-0.0925 0.50067 -0.09625 0.50667 
-0.09625 0.51 -0.09175 0.50867 
-0.09025 0.512 -0.091 0.516 
-0.0865 0.51533 -0.0835 0.50867 
-0.079 0.50467 -0.0775 0.50267 
-0.07375 0.50067 -0.07075 0.50333 
-0.06325 0.50067 -0.05875 0.504 
-0.06325 0.50933 -0.067 0.51067 
-0.06475 0.51667 -0.05725 0.51733 
-0.05575 0.51267 -0.07525 0.51067 
-0.07975 0.49867 -0.07525 0.49533 
-0.06625 0.47667 -0.0625 0.47267 
-0.0595 0.47067 -0.0595 0.468 
-0.058 0.466 -0.05425 0.47533 
-0.0565 0.47733 -0.0535 0.48267 
-0.04375 0.48333 -0.04375 0.48733 
-0.03925 0.48333 -0.04225 0.47867 
-0.046 0.47333 -0.06925 0.47133 
-0.07075 0.47267 -0.079 0.46867 
-0.08425 0.458 -0.08425 0.456 
-0.1045 0.46667 -0.10525 0.46867 
-0.0985 0.49067 -0.10525 0.49533 
-0.10225 0.49867 -0.1015 0.514 
-0.097 0.51533 -0.07375 0.57133 
-0.14125 0.63733 -0.14275 0.64333 
-0.139 0.64533 -0.1435 0.64867 
-0.1435 0.65067 -0.139 0.65733 
-0.13675 0.664 -0.1405 0.67267 
-0.1435 0.678 -0.14575 0.678 
-0.1405 0.68133 -0.12625 0.668 
-0.12025 0.668 -0.109 0.67933 
-0.106 0.67867 -0.09625 0.694 
-0.09775 0.696 -0.12475 0.69667 
-0.13 0.69933 -0.1255 0.71733 
-0.136 0.72 -0.1375 0.722 
-0.14275 0.72333 -0.142 0.72933 
-0.1465 0.73133 -0.13525 0.72933 
-0.1405 0.71667 -0.1435 0.71667 
-0.15625 0.712 -0.15775 0.71067 
-0.16225 0.718 -0.16675 0.714 
-0.13975 0.74933 
-0.1345 0.74867 -0.12775 0.74867 
-0.124 0.74867 -0.12625 0.742 
-0.112 0.74867 -0.10375 0.74933 
-0.1165 0.72667 -0.15475 0.65133 
-0.1555 0.64867 0.01475 0.526 
