0.382 -0.2 0.381333333333 -0.189333333333
0.384666666667 -0.19 0.386 -0.2
0.389333333333 -0.2 0.387333333333 -0.189333333333
0.406666666667 -0.192 0.406 -0.2
0.408 -0.2 0.410666666667 -0.188
0.413333333333 -0.192 0.411333333333 -0.2
0.419333333333 -0.2 0.422666666667 -0.189333333333
0.426666666667 -0.189333333333 0.426 -0.2
0.428 -0.2 0.429333333333 -0.192
0.430666666667 -0.194 0.430666666667 -0.2
0.434 -0.2 0.434 -0.196666666667
0.472666666667 -0.195333333333 0.47 -0.2
0.488666666667 -0.189333333333 0.483333333333 -0.2
0.502666666667 -0.188 0.492 -0.2
0.496 -0.2 0.503333333333 -0.19
0.534 -0.191333333333 0.533333333333 -0.2
0.538666666667 -0.194 0.54 -0.2
0.542666666667 -0.2 0.541333333333 -0.187333333333
0.549333333333 -0.194666666667 0.551333333333 -0.2
0.553333333333 -0.2 0.554 -0.194
0.556 -0.193333333333 0.556666666667 -0.2
0.559333333333 -0.194666666667 0.561333333333 -0.2
0.564 -0.2 0.561333333333 -0.191333333333
0.574 -0.188666666667 0.576666666667 -0.2
0.580666666667 -0.2 0.577333333333 -0.192
0.582 -0.187333333333 0.583333333333 -0.2
0.586 -0.2 0.584 -0.186
0.586 -0.178666666667 0.588666666667 -0.2
0.596666666667 -0.192 0.598 -0.2
0.602 -0.2 0.598666666667 -0.193333333333
0.594666666667 -0.184666666667 0.605333333333 -0.2
0.607333333333 -0.2 0.599333333333 -0.184
0.610666666667 -0.19 0.612 -0.2
0.616666666667 -0.2 0.615333333333 -0.188
0.623333333333 -0.190666666667 0.626 -0.2
0.628666666667 -0.2 0.626 -0.19
0.632 -0.194 0.630666666667 -0.2
0.644666666667 -0.194666666667 0.644 -0.2
0.648 -0.2 0.652 -0.187333333333
0.452 -0.192666666667 0.445333333333 -0.198666666667
0.447333333333 -0.199333333333 0.450666666667 -0.197333333333
0.635333333333 -0.199333333333 0.635333333333 -0.194666666667
0.525333333333 -0.198 0.528 -0.193333333333
0.641333333333 -0.198 0.642 -0.190666666667
0.536666666667 -0.197333333333 0.536 -0.191333333333
0.574 -0.197333333333 0.570666666667 -0.186666666667
0.63 -0.180666666667 0.640666666667 -0.197333333333
0.654666666667 -0.198 0.661333333333 -0.188
0.379333333333 -0.184 0.379333333333 -0.196666666667
0.438666666667 -0.192 0.437333333333 -0.196666666667
0.446 -0.195333333333 0.448666666667 -0.19
0.452666666667 -0.196 0.455333333333 -0.191333333333
0.464666666667 -0.196 0.468666666667 -0.190666666667
0.472 -0.188666666667 0.467333333333 -0.196
0.566 -0.196 0.564666666667 -0.184
0.648666666667 -0.180666666667 0.647333333333 -0.196
0.516666666667 -0.194666666667 0.519333333333 -0.19
0.552666666667 -0.193333333333 0.547333333333 -0.194
0.569333333333 -0.186666666667 0.568 -0.194666666667
0.660666666667 -0.177333333333 0.653333333333 -0.194666666667
0.54 -0.188 0.538666666667 -0.194
0.562666666667 -0.186 0.564 -0.194
0.635333333333 -0.194666666667 0.632 -0.188666666667
0.419333333333 -0.186 0.414 -0.193333333333
0.472 -0.193333333333 0.476 -0.188
0.482 -0.192666666667 0.486 -0.188
0.517333333333 -0.188 0.513333333333 -0.194
0.528 -0.192666666667 0.530666666667 -0.184
0.527333333333 -0.185333333333 0.526 -0.192666666667
0.420666666667 -0.191333333333 0.42 -0.186
0.599333333333 -0.178 0.606666666667 -0.192
0.625333333333 -0.185333333333 0.628 -0.191333333333
0.52 -0.190666666667 0.526 -0.186666666667
0.594 -0.191333333333 0.587333333333 -0.177333333333
0.629333333333 -0.190666666667 0.628666666667 -0.184666666667
0.404666666667 -0.174666666667 0.404666666667 -0.19
0.413333333333 -0.189333333333 0.42 -0.18
0.467333333333 -0.189333333333 0.463333333333 -0.188666666667
0.494666666667 -0.186 0.489333333333 -0.19
0.51 -0.19 0.508666666667 -0.186
0.550666666667 -0.19 0.550666666667 -0.18
0.457333333333 -0.184666666667 0.45 -0.188666666667
0.638 -0.189333333333 0.632 -0.174666666667
0.442 -0.188 0.446666666667 -0.186
0.461333333333 -0.183333333333 0.460666666667 -0.188
0.553333333333 -0.178 0.554 -0.188
0.558 -0.188666666667 0.556666666667 -0.183333333333
0.621333333333 -0.182666666667 0.620666666667 -0.188666666667
0.397333333333 -0.187333333333 0.391333333333 -0.176
0.392 -0.166 0.399333333333 -0.187333333333
0.400666666667 -0.187333333333 0.400666666667 -0.180666666667
0.461333333333 -0.187333333333 0.465333333333 -0.184
0.61 -0.184666666667 0.613333333333 -0.188
0.66 -0.188 0.662 -0.182
0.420666666667 -0.172 0.413333333333 -0.186666666667
0.444 -0.184666666667 0.44 -0.186666666667
0.521333333333 -0.182666666667 0.520666666667 -0.186666666667
0.564666666667 -0.180666666667 0.568666666667 -0.186
0.647333333333 -0.186666666667 0.644666666667 -0.175333333333
0.389333333333 -0.177333333333 0.394666666667 -0.186
0.408666666667 -0.186 0.414 -0.164
0.653333333333 -0.186 0.653333333333 -0.178
0.432666666667 -0.18 0.427333333333 -0.184666666667
0.530666666667 -0.180666666667 0.528 -0.184666666667
0.628666666667 -0.184666666667 0.622666666667 -0.181333333333
0.642 -0.175333333333 0.644666666667 -0.184666666667
0.378 -0.177333333333 0.378666666667 -0.184
0.380666666667 -0.184 0.380666666667 -0.172666666667
0.426 -0.184 0.429333333333 -0.178666666667
0.496666666667 -0.182 0.501333333333 -0.183333333333
0.502666666667 -0.182666666667 0.513333333333 -0.182666666667
0.531333333333 -0.183333333333 0.535333333333 -0.181333333333
0.612666666667 -0.184 0.611333333333 -0.178
0.427333333333 -0.173333333333 0.424666666667 -0.183333333333
0.452 -0.182 0.456666666667 -0.182666666667
0.571333333333 -0.182666666667 0.570666666667 -0.176666666667
0.576666666667 -0.176666666667 0.572666666667 -0.182666666667
0.581333333333 -0.182666666667 0.583333333333 -0.178
0.664666666667 -0.182666666667 0.679333333333 -0.108
0.484 -0.180666666667 0.488666666667 -0.18
0.568666666667 -0.180666666667 0.562666666667 -0.176666666667
0.608 -0.177333333333 0.609333333333 -0.181333333333
0.400666666667 -0.180666666667 0.398 -0.178
0.498666666667 -0.180666666667 0.494666666667 -0.175333333333
0.508 -0.178666666667 0.501333333333 -0.18
0.556666666667 -0.180666666667 0.555333333333 -0.176
0.622 -0.180666666667 0.62 -0.176
0.643333333333 -0.166666666667 0.648666666667 -0.180666666667
0.438 -0.180666666667 0.434 -0.175333333333
0.628 -0.172666666667 0.63 -0.18
0.522 -0.176666666667 0.525333333333 -0.178666666667
0.606666666667 -0.171333333333 0.619333333333 -0.18
0.429333333333 -0.178 0.43 -0.173333333333
0.534 -0.177333333333 0.556 -0.172
0.611333333333 -0.178 0.607333333333 -0.174666666667
0.652666666667 -0.176666666667 0.630666666667 -0.138
0.656666666667 -0.178 0.656 -0.153333333333
0.398666666667 -0.177333333333 0.397333333333 -0.172
0.408666666667 -0.173333333333 0.408 -0.177333333333
0.402 -0.176666666667 0.4 -0.14
0.62 -0.176666666667 0.611333333333 -0.171333333333
0.618 -0.169333333333 0.624666666667 -0.176
0.447333333333 -0.175333333333 0.442 -0.174666666667
0.627333333333 -0.176 0.623333333333 -0.169333333333
0.525333333333 -0.173333333333 0.517333333333 -0.174666666667
0.649333333333 -0.166 0.650666666667 -0.174666666667
0.658 -0.151333333333 0.661333333333 -0.174666666667
0.582666666667 -0.17 0.579333333333 -0.174
0.652666666667 -0.174 0.650666666667 -0.164666666667
0.652 -0.154666666667 0.654666666667 -0.174
0.416666666667 -0.168666666667 0.414 -0.172
0.620666666667 -0.162666666667 0.632 -0.171333333333
0.397333333333 -0.172 0.394 -0.164
0.634 -0.171333333333 0.627333333333 -0.162
0.627333333333 -0.156 0.638 -0.170666666667
0.639333333333 -0.170666666667 0.630666666667 -0.152666666667
0.398 -0.140666666667 0.399333333333 -0.17
0.41 -0.165333333333 0.408 -0.17
0.406666666667 -0.169333333333 0.407333333333 -0.161333333333
0.601333333333 -0.168 0.606 -0.166666666667
0.406 -0.148 0.404 -0.168666666667
0.418666666667 -0.162666666667 0.415333333333 -0.166666666667
0.440666666667 -0.16 0.445333333333 -0.165333333333
0.609333333333 -0.164666666667 0.602666666667 -0.165333333333
0.64 -0.160666666667 0.640666666667 -0.164666666667
0.392 -0.164 0.390666666667 -0.158666666667
0.398 -0.164666666667 0.394666666667 -0.158
0.626666666667 -0.163333333333 0.622666666667 -0.161333333333
0.591333333333 -0.162 0.594666666667 -0.158666666667
0.664666666667 -0.162666666667 0.667333333333 -0.142666666667
0.669333333333 -0.148 0.667333333333 -0.162666666667
0.426666666667 -0.161333333333 0.420666666667 -0.156
0.406666666667 -0.160666666667 0.413333333333 -0.154666666667
0.414 -0.154 0.421333333333 -0.159333333333
0.593333333333 -0.152666666667 0.59 -0.160666666667
0.628666666667 -0.142 0.638666666667 -0.16
0.38 -0.154 0.381333333333 -0.159333333333
0.387333333333 -0.154666666667 0.387333333333 -0.159333333333
0.616 -0.156666666667 0.624666666667 -0.158
0.382666666667 -0.158 0.38 -0.134
0.593333333333 -0.158666666667 0.596666666667 -0.152
0.636666666667 -0.140666666667 0.648666666667 -0.158
0.392666666667 -0.157333333333 0.391333333333 -0.148
0.625333333333 -0.156666666667 0.621333333333 -0.154
0.621333333333 -0.154 0.616 -0.155333333333
0.421333333333 -0.154 0.426666666667 -0.153333333333
0.63 -0.152666666667 0.625333333333 -0.155333333333
0.649333333333 -0.155333333333 0.638 -0.138
0.631333333333 -0.124666666667 0.652666666667 -0.154666666667
0.611333333333 -0.148666666667 0.605333333333 -0.154666666667
0.663333333333 -0.153333333333 0.657333333333 -0.13
0.664 -0.147333333333 0.664 -0.153333333333
0.377333333333 -0.134 0.38 -0.152666666667
0.426666666667 -0.153333333333 0.420666666667 -0.146666666667
0.618666666667 -0.148666666667 0.623333333333 -0.152
0.387333333333 -0.141333333333 0.387333333333 -0.151333333333
0.394 -0.139333333333 0.394666666667 -0.151333333333
0.594666666667 -0.146666666667 0.6 -0.15
0.624 -0.150666666667 0.625333333333 -0.147333333333
0.654 -0.151333333333 0.652666666667 -0.146666666667
0.655333333333 -0.134666666667 0.660666666667 -0.150666666667
0.606 -0.148666666667 0.612 -0.144
0.413333333333 -0.148 0.419333333333 -0.148
0.411333333333 -0.148 0.410666666667 -0.143333333333
0.652666666667 -0.148 0.648 -0.138666666667
0.622 -0.147333333333 0.618666666667 -0.144666666667
0.409333333333 -0.138 0.407333333333 -0.146666666667
0.583333333333 -0.134666666667 0.581333333333 -0.146666666667
0.614 -0.14 0.604666666667 -0.146
0.648666666667 -0.133333333333 0.655333333333 -0.146
0.67 -0.131333333333 0.669333333333 -0.146
0.396 -0.144666666667 0.396666666667 -0.139333333333
0.390666666667 -0.144 0.391333333333 -0.126
0.584 -0.144 0.586666666667 -0.132666666667
0.656666666667 -0.144 0.651333333333 -0.132666666667
0.623333333333 -0.140666666667 0.627333333333 -0.142666666667
0.383333333333 -0.136666666667 0.383333333333 -0.141333333333
0.630666666667 -0.133333333333 0.635333333333 -0.141333333333
0.646666666667 -0.140666666667 0.632 -0.119333333333
0.604 -0.130666666667 0.601333333333 -0.14
0.606 -0.138666666667 0.613333333333 -0.137333333333
0.629333333333 -0.139333333333 0.624 -0.137333333333
0.636666666667 -0.14 0.632 -0.13
0.650666666667 -0.108666666667 0.667333333333 -0.139333333333
0.393333333333 -0.138 0.402 -0.112666666667
0.402 -0.128 0.4 -0.138666666667
0.402666666667 -0.138 0.404 -0.130666666667
0.668 -0.138 0.668 -0.127333333333
0.398 -0.113333333333 0.392 -0.137333333333
0.621333333333 -0.135333333333 0.617333333333 -0.134
0.648 -0.126666666667 0.655333333333 -0.134666666667
0.387333333333 -0.098 0.378 -0.134
0.380666666667 -0.134 0.382666666667 -0.123333333333
0.622666666667 -0.126666666667 0.627333333333 -0.133333333333
0.642666666667 -0.126 0.646 -0.132666666667
0.416 -0.129333333333 0.411333333333 -0.131333333333
0.418 -0.128666666667 0.422 -0.131333333333
0.675333333333 -0.106666666667 0.671333333333 -0.131333333333
0.404666666667 -0.130666666667 0.407333333333 -0.126
0.610666666667 -0.13 0.619333333333 -0.128666666667
0.628666666667 -0.13 0.622 -0.120666666667
0.647333333333 -0.130666666667 0.645333333333 -0.125333333333
0.391333333333 -0.124 0.387333333333 -0.130666666667
0.396666666667 -0.105333333333 0.384 -0.128
0.406666666667 -0.122666666667 0.402 -0.128666666667
0.615333333333 -0.126 0.610666666667 -0.128
0.607333333333 -0.126666666667 0.616666666667 -0.122666666667
0.656 -0.127333333333 0.639333333333 -0.0986666666667
0.663333333333 -0.127333333333 0.660666666667 -0.118666666667
0.662666666667 -0.119333333333 0.664666666667 -0.127333333333
0.386666666667 -0.126666666667 0.396666666667 -0.11
0.632 -0.0986666666667 0.654 -0.126666666667
0.418666666667 -0.124666666667 0.423333333333 -0.125333333333
0.407333333333 -0.125333333333 0.410666666667 -0.117333333333
0.610666666667 -0.122 0.606 -0.125333333333
0.669333333333 -0.124666666667 0.669333333333 -0.119333333333
0.632 -0.106666666667 0.646666666667 -0.124
0.648666666667 -0.123333333333 0.642 -0.115333333333
0.421333333333 -0.118666666667 0.425333333333 -0.122
0.63 -0.113333333333 0.638 -0.121333333333
0.406666666667 -0.115333333333 0.402666666667 -0.122
0.621333333333 -0.113333333333 0.620666666667 -0.12
0.669333333333 -0.119333333333 0.665333333333 -0.115333333333
0.426666666667 -0.118666666667 0.423333333333 -0.115333333333
0.383333333333 -0.118 0.392 -0.102
0.61 -0.118 0.618 -0.112
0.638 -0.118666666667 0.63 -0.107333333333
0.614666666667 -0.109333333333 0.608 -0.117333333333
0.628 -0.115333333333 0.624 -0.115333333333
0.658 -0.116666666667 0.652 -0.108
0.419333333333 -0.11 0.416666666667 -0.114666666667
0.657333333333 -0.11 0.659333333333 -0.114666666667
0.64 -0.113333333333 0.634666666667 -0.106
0.668 -0.101333333333 0.67 -0.113333333333
0.409333333333 -0.112666666667 0.407333333333 -0.108
0.618 -0.106 0.629333333333 -0.112
0.662 -0.112666666667 0.661333333333 -0.108666666667
0.415333333333 -0.11 0.41 -0.111333333333
0.617333333333 -0.109333333333 0.614 -0.109333333333
0.651333333333 -0.104 0.656666666667 -0.11
0.672 -0.110666666667 0.67 -0.0946666666667
0.376666666667 -0.0973333333333 0.376666666667 -0.11
0.405333333333 -0.102 0.398666666667 -0.109333333333
0.378666666667 -0.109333333333 0.379333333333 -0.0993333333333
0.408666666667 -0.108 0.409333333333 -0.0673333333333
0.658666666667 -0.107333333333 0.653333333333 -0.102
0.677333333333 -0.108 0.676666666667 -0.101333333333
0.641333333333 -0.096 0.648666666667 -0.107333333333
0.673333333333 -0.0946666666667 0.674 -0.106666666667
0.406666666667 -0.088 0.398 -0.104666666667
0.622666666667 -0.098 0.632666666667 -0.104
0.648666666667 -0.104666666667 0.641333333333 -0.0786666666667
0.447333333333 -0.101333333333 0.447333333333 -0.0973333333333
0.444 -0.0966666666667 0.443333333333 -0.100666666667
0.636666666667 -0.0926666666667 0.638 -0.100666666667
0.676666666667 -0.1 0.676666666667 -0.096
0.624 -0.0813333333333 0.624 -0.0993333333333
0.664 -0.094 0.662 -0.0993333333333
0.4 -0.0693333333333 0.388666666667 -0.098
0.397333333333 -0.098 0.402666666667 -0.0933333333333
0.64 -0.098 0.637333333333 -0.0833333333333
0.654 -0.0853333333333 0.65 -0.098
0.401333333333 -0.0906666666667 0.396666666667 -0.096
0.438666666667 -0.096 0.443333333333 -0.0953333333333
0.625333333333 -0.096 0.630666666667 -0.0886666666667
0.640666666667 -0.0793333333333 0.642 -0.096
0.676666666667 -0.0953333333333 0.679333333333 -0.0913333333333
0.442666666667 -0.0933333333333 0.436666666667 -0.0926666666667
0.662666666667 -0.0873333333333 0.664666666667 -0.0933333333333
0.632 -0.0893333333333 0.636666666667 -0.092
0.404 -0.092 0.399333333333 -0.088
0.394666666667 -0.0913333333333 0.396 -0.086
0.678666666667 -0.0913333333333 0.676 -0.0806666666667
0.426666666667 -0.0806666666667 0.446 -0.088
0.446666666667 -0.0873333333333 0.452 -0.0853333333333
0.562 -0.0813333333333 0.578 -0.088
0.581333333333 -0.0866666666667 0.585333333333 -0.088
0.585333333333 -0.0873333333333 0.606666666667 -0.078
0.63 -0.088 0.626666666667 -0.0826666666667
0.666 -0.0886666666667 0.668666666667 -0.0826666666667
0.406 -0.078 0.405333333333 -0.0873333333333
0.452 -0.0866666666667 0.488 -0.0746666666667
0.632666666667 -0.0813333333333 0.634666666667 -0.088
0.668666666667 -0.0746666666667 0.672666666667 -0.0873333333333
0.398666666667 -0.086 0.404 -0.0833333333333
0.65 -0.0866666666667 0.644 -0.0633333333333
0.643333333333 -0.072 0.646 -0.086
0.662 -0.0853333333333 0.658 -0.0813333333333
0.386666666667 -0.0846666666667 0.389333333333 -0.08
0.633333333333 -0.022 0.655333333333 -0.0846666666667
0.662 -0.0806666666667 0.665333333333 -0.0833333333333
0.404 -0.0826666666667 0.401333333333 -0.0753333333333
0.556666666667 -0.0786666666667 0.56 -0.082
0.668 -0.0826666666667 0.666666666667 -0.0786666666667
0.395333333333 -0.068 0.386 -0.082
0.594666666667 -0.0813333333333 0.555333333333 -0.0733333333333
0.392666666667 -0.0806666666667 0.392 -0.0773333333333
0.446 -0.0806666666667 0.427333333333 -0.0773333333333
0.484 -0.068 0.446 -0.08
0.551333333333 -0.0773333333333 0.556666666667 -0.08
0.624 -0.0773333333333 0.623333333333 -0.0806666666667
0.637333333333 -0.0806666666667 0.639333333333 -0.072
0.676666666667 -0.0806666666667 0.678666666667 -0.0766666666667
0.606 -0.074 0.594666666667 -0.0793333333333
0.541333333333 -0.074 0.549333333333 -0.0786666666667
0.659333333333 -0.078 0.653333333333 -0.0753333333333
0.654666666667 -0.07 0.661333333333 -0.078
0.392 -0.0766666666667 0.401333333333 -0.0626666666667
0.386666666667 -0.0766666666667 0.39 -0.07
0.406 -0.0706666666667 0.406 -0.076
0.672 -0.0626666666667 0.673333333333 -0.076
0.678666666667 -0.0706666666667 0.678 -0.0753333333333
0.680666666667 -0.076 0.680666666667 -0.0706666666667
0.402 -0.0753333333333 0.402666666667 -0.0713333333333
0.534666666667 -0.068 0.539333333333 -0.0746666666667
0.624666666667 -0.0606666666667 0.623333333333 -0.0753333333333
0.654 -0.0746666666667 0.652 -0.0693333333333
0.663333333333 -0.066 0.668 -0.0753333333333
0.385333333333 -0.0706666666667 0.384 -0.0746666666667
0.661333333333 -0.0733333333333 0.659333333333 -0.066
0.675333333333 -0.074 0.674666666667 -0.0653333333333
0.555333333333 -0.072 0.551333333333 -0.07
0.632 -0.0733333333333 0.626666666667 -0.07
0.439333333333 -0.0726666666667 0.435333333333 -0.0666666666667
0.633333333333 -0.0646666666667 0.637333333333 -0.0726666666667
0.644 -0.068 0.643333333333 -0.0726666666667
0.67 -0.0726666666667 0.668 -0.0633333333333
0.432 -0.0653333333333 0.435333333333 -0.0713333333333
0.55 -0.0713333333333 0.546 -0.0666666666667
0.437333333333 -0.0666666666667 0.461333333333 -0.07
0.487333333333 -0.0706666666667 0.488666666667 -0.0673333333333
0.462 -0.0706666666667 0.49 -0.056
0.547333333333 -0.064 0.582666666667 -0.07
0.627333333333 -0.07 0.628666666667 -0.0613333333333
0.380666666667 -0.0613333333333 0.382666666667 -0.0693333333333
0.387333333333 -0.068 0.37 -0.0413333333333
0.485333333333 -0.0626666666667 0.483333333333 -0.0686666666667
0.540666666667 -0.068 0.537333333333 -0.0646666666667
0.582666666667 -0.0686666666667 0.59 -0.0626666666667
0.395333333333 -0.0573333333333 0.394666666667 -0.0673333333333
0.409333333333 -0.0673333333333 0.407333333333 -0.0593333333333
0.456666666667 -0.0666666666667 0.443333333333 -0.0653333333333
0.489333333333 -0.0526666666667 0.463333333333 -0.068
0.489333333333 -0.066 0.5 -0.0546666666667
0.576666666667 -0.0666666666667 0.548 -0.0606666666667
0.588666666667 -0.0606666666667 0.577333333333 -0.066
0.64 -0.0666666666667 0.636666666667 -0.058
0.655333333333 -0.0666666666667 0.651333333333 -0.0633333333333
0.681333333333 -0.0626666666667 0.677333333333 -0.0673333333333
0.362666666667 -0.0533333333333 0.371333333333 -0.0653333333333
0.443333333333 -0.0626666666667 0.455333333333 -0.064
0.459333333333 -0.0646666666667 0.464 -0.064
0.664 -0.0646666666667 0.662666666667 -0.0593333333333
0.441333333333 -0.064 0.437333333333 -0.0606666666667
0.662 -0.0613333333333 0.658 -0.0633333333333
0.372666666667 -0.0633333333333 0.369333333333 -0.0593333333333
0.428 -0.0626666666667 0.430666666667 -0.0586666666667
0.44 -0.0586666666667 0.443333333333 -0.0626666666667
0.466666666667 -0.0633333333333 0.49 -0.048
0.490666666667 -0.0586666666667 0.486666666667 -0.0633333333333
0.533333333333 -0.0626666666667 0.536666666667 -0.0606666666667
0.566666666667 -0.0613333333333 0.576 -0.0626666666667
0.576 -0.062 0.58 -0.0606666666667
0.676 -0.0633333333333 0.673333333333 -0.0513333333333
0.368 -0.0433333333333 0.38 -0.062
0.404666666667 -0.058 0.402 -0.0626666666667
0.537333333333 -0.0526666666667 0.547333333333 -0.0613333333333
0.536666666667 -0.0473333333333 0.564666666667 -0.0633333333333
0.681333333333 -0.0586666666667 0.680666666667 -0.0626666666667
0.430666666667 -0.0593333333333 0.436 -0.0613333333333
0.452 -0.0613333333333 0.446 -0.0566666666667
0.54 -0.0613333333333 0.533333333333 -0.0553333333333
0.58 -0.0586666666667 0.584666666667 -0.06
0.652 -0.0606666666667 0.648666666667 -0.0553333333333
0.43 -0.056 0.424666666667 -0.0606666666667
0.524 -0.046 0.530666666667 -0.0606666666667
0.593333333333 -0.0546666666667 0.6 -0.0586666666667
0.662666666667 -0.0306666666667 0.660666666667 -0.06
0.399333333333 -0.0593333333333 0.400666666667 -0.0593333333333
0.458666666667 -0.054 0.458666666667 -0.0593333333333
0.489333333333 -0.0586666666667 0.492666666667 -0.056
0.548 -0.0586666666667 0.54 -0.0513333333333
0.622666666667 -0.058 0.627333333333 -0.0573333333333
0.368666666667 -0.0586666666667 0.358666666667 -0.042
0.400666666667 -0.0586666666667 0.403333333333 -0.0506666666667
0.452666666667 -0.0526666666667 0.452666666667 -0.058
0.589333333333 -0.058 0.592 -0.054
0.680666666667 -0.0526666666667 0.680666666667 -0.058
0.436666666667 -0.056 0.43 -0.056
0.467333333333 -0.0573333333333 0.466 -0.0533333333333
0.581333333333 -0.0526666666667 0.575333333333 -0.0566666666667
0.408666666667 -0.0566666666667 0.408666666667 -0.0466666666667
0.481333333333 -0.0493333333333 0.473333333333 -0.0566666666667
0.663333333333 -0.0566666666667 0.662666666667 -0.0513333333333
0.574666666667 -0.0553333333333 0.573333333333 -0.048
0.601333333333 -0.056 0.594666666667 -0.052
0.619333333333 -0.0146666666667 0.625333333333 -0.056
0.639333333333 -0.056 0.636666666667 -0.0526666666667
0.656 -0.0466666666667 0.657333333333 -0.0553333333333
0.5 -0.0546666666667 0.501333333333 -0.04
0.554 -0.054 0.545333333333 -0.0486666666667
0.433333333333 -0.052 0.439333333333 -0.0546666666667
0.440666666667 -0.0533333333333 0.455333333333 -0.046
0.455333333333 -0.054 0.458 -0.0486666666667
0.462 -0.0513333333333 0.458 -0.054
0.466 -0.0486666666667 0.47 -0.054
0.57 -0.0473333333333 0.572 -0.054
0.668 -0.054 0.670666666667 -0.0473333333333
0.406 -0.048 0.406 -0.0533333333333
0.472666666667 -0.0533333333333 0.469333333333 -0.0493333333333
0.557333333333 -0.0473333333333 0.554666666667 -0.0533333333333
0.557333333333 -0.0533333333333 0.561333333333 -0.0466666666667
0.594 -0.052 0.59 -0.052
0.631333333333 -0.05 0.634666666667 -0.0526666666667
0.678 -0.0526666666667 0.676 -0.048
0.392 -0.044 0.393333333333 -0.0526666666667
0.456 -0.048 0.452666666667 -0.052
0.649333333333 -0.0533333333333 0.652666666667 -0.0486666666667
0.356666666667 -0.0426666666667 0.362 -0.0506666666667
0.681333333333 -0.0513333333333 0.681333333333 -0.044
0.376 -0.0333333333333 0.381333333333 -0.0506666666667
0.403333333333 -0.0506666666667 0.407333333333 -0.0353333333333
0.470666666667 -0.0486666666667 0.476666666667 -0.0493333333333
0.497333333333 -0.0426666666667 0.492666666667 -0.0506666666667
0.534666666667 -0.0506666666667 0.528666666667 -0.0466666666667
0.576 -0.0466666666667 0.581333333333 -0.0506666666667
0.670666666667 -0.0446666666667 0.674666666667 -0.0506666666667
0.678666666667 -0.044 0.679333333333 -0.0506666666667
0.384 -0.0506666666667 0.376 -0.03
0.429333333333 -0.05 0.432666666667 -0.0353333333333
0.457333333333 -0.0473333333333 0.465333333333 -0.0493333333333
0.588666666667 -0.05 0.593333333333 -0.0473333333333
0.67 -0.046 0.666 -0.05
0.546666666667 -0.048 0.555333333333 -0.048
0.590666666667 -0.046 0.585333333333 -0.048
0.487333333333 -0.0453333333333 0.468666666667 -0.0466666666667
0.637333333333 -0.048 0.626 -0.0326666666667
0.445333333333 -0.0446666666667 0.441333333333 -0.046
0.529333333333 -0.0466666666667 0.528 -0.0426666666667
0.544666666667 -0.046 0.537333333333 -0.0433333333333
0.553333333333 -0.0453333333333 0.545333333333 -0.0453333333333
0.628 -0.04 0.628666666667 -0.0466666666667
0.454 -0.044 0.448 -0.0453333333333
0.579333333333 -0.0393333333333 0.576 -0.046
0.582 -0.046 0.584 -0.04
0.646666666667 -0.046 0.644 -0.036
0.626 -0.0446666666667 0.626 -0.04
0.471333333333 -0.04 0.477333333333 -0.044
0.478 -0.0433333333333 0.483333333333 -0.042
0.663333333333 -0.044 0.666666666667 -0.0393333333333
0.675333333333 -0.0433333333333 0.671333333333 -0.0426666666667
0.430666666667 -0.0346666666667 0.427333333333 -0.0433333333333
0.441333333333 -0.0426666666667 0.444 -0.0373333333333
0.364 -0.0373333333333 0.366666666667 -0.042
0.389333333333 -0.0266666666667 0.394 -0.0426666666667
0.496 -0.0266666666667 0.498666666667 -0.0426666666667
0.528 -0.0426666666667 0.53 -0.0366666666667
0.653333333333 -0.0426666666667 0.654666666667 -0.0273333333333
0.658 -0.042 0.662666666667 -0.0293333333333
0.461333333333 -0.038 0.470666666667 -0.0406666666667
0.670666666667 -0.0413333333333 0.671333333333 -0.034
0.368666666667 -0.0406666666667 0.366666666667 -0.0353333333333
0.396 -0.0413333333333 0.398 -0.0373333333333
0.398 -0.0373333333333 0.403333333333 -0.0413333333333
0.445333333333 -0.0373333333333 0.455333333333 -0.0386666666667
0.648 -0.0373333333333 0.651333333333 -0.04
0.658666666667 -0.0286666666667 0.656666666667 -0.04
0.442 -0.0366666666667 0.438666666667 -0.0386666666667
0.477333333333 -0.0386666666667 0.464 -0.0353333333333
0.571333333333 -0.036 0.575333333333 -0.038
0.664 -0.0393333333333 0.667333333333 -0.0273333333333
0.669333333333 -0.0333333333333 0.668666666667 -0.038
0.5 -0.0373333333333 0.501333333333 -0.034
0.401333333333 -0.0366666666667 0.398666666667 -0.028
0.406 -0.0313333333333 0.403333333333 -0.0366666666667
0.424666666667 -0.0366666666667 0.422666666667 -0.0313333333333
0.463333333333 -0.0353333333333 0.453333333333 -0.0353333333333
0.407333333333 -0.0353333333333 0.413333333333 -0.028
0.559333333333 -0.0353333333333 0.554 -0.034
0.397333333333 -0.0346666666667 0.394 -0.0293333333333
0.420666666667 -0.0293333333333 0.420666666667 -0.0346666666667
0.568666666667 -0.034 0.562 -0.034
0.501333333333 -0.0333333333333 0.498 -0.0293333333333
0.626 -0.032 0.624 -0.0253333333333
0.360666666667 -0.0313333333333 0.354666666667 -0.022
0.642 -0.0313333333333 0.649333333333 -0.0186666666667
0.646 -0.0306666666667 0.650666666667 -0.0266666666667
0.650666666667 -0.02 0.644666666667 -0.03
0.352 -0.0226666666667 0.356666666667 -0.0293333333333
0.662 -0.0253333333333 0.658666666667 -0.0286666666667
0.628666666667 -0.028 0.62 -0.014
0.656666666667 0.006 0.642 -0.028
0.408 -0.018 0.408 -0.0273333333333
0.412666666667 -0.0273333333333 0.424666666667 0.0393333333333
0.423333333333 -0.0273333333333 0.426 -0.0233333333333
0.395333333333 -0.0266666666667 0.393333333333 -0.0206666666667
0.5 -0.026 0.497333333333 -0.018
0.650666666667 -0.0266666666667 0.651333333333 -0.0206666666667
0.612 -0.0213333333333 0.611333333333 -0.026
0.613333333333 -0.026 0.614666666667 -0.0173333333333
0.654666666667 -0.026 0.654666666667 -0.02
0.423333333333 -0.02 0.422 -0.0253333333333
0.636 -0.0246666666667 0.632 -0.0173333333333
0.663333333333 -0.0153333333333 0.660666666667 -0.0253333333333
0.381333333333 -0.00666666666667 0.388666666667 -0.024
0.621333333333 -0.012 0.63 -0.0233333333333
0.642 -0.014 0.638 -0.024
0.668 -0.024 0.673333333333 0.0146666666667
0.640666666667 -0.0233333333333 0.644666666667 -0.0146666666667
0.390666666667 -0.022 0.389333333333 -0.018
0.404 -0.02 0.404666666667 -0.014
0.656 -0.0193333333333 0.661333333333 -0.016
0.398666666667 -0.0186666666667 0.395333333333 -0.00933333333333
0.402 -0.014 0.400666666667 -0.0186666666667
0.428666666667 -0.004 0.424 -0.0186666666667
0.426666666667 -0.018 0.436666666667 0.00533333333333
0.638 -0.018 0.638666666667 -0.00733333333333
0.362666666667 -0.0173333333333 0.358666666667 -0.006
0.612 -0.0173333333333 0.611333333333 -0.0126666666667
0.497333333333 -0.0166666666667 0.496 -0.0126666666667
0.629333333333 -0.0166666666667 0.629333333333 -0.00933333333333
0.39 -0.016 0.386 -0.01
0.408 -0.01 0.406666666667 -0.016
0.644 -0.0146666666667 0.644 -0.00333333333333
0.654 -0.0153333333333 0.658 -0.00933333333333
0.356666666667 -0.00533333333333 0.358666666667 -0.0133333333333
0.404666666667 -0.0133333333333 0.404 -0.00933333333333
0.392666666667 -0.0113333333333 0.387333333333 0.00133333333333
0.41 -0.0106666666667 0.410666666667 -0.002
0.414 0.00866666666667 0.412 -0.0106666666667
0.607333333333 -0.00333333333333 0.606 -0.01
0.618666666667 -0.00466666666667 0.618666666667 -0.01
0.664 -0.00133333333333 0.664666666667 -0.01
0.404666666667 -0.006 0.408 -0.00933333333333
0.486666666667 -0.00133333333333 0.488 -0.008
0.488666666667 -0.00733333333333 0.493333333333 -0.00733333333333
0.386 -0.00733333333333 0.382 -0.00266666666667
0.380666666667 -0.00333333333333 0.381333333333 -0.00666666666667
0.385333333333 -0.002 0.388666666667 -0.006
0.392 0.002 0.393333333333 -0.00666666666667
0.610666666667 -0.00666666666667 0.607333333333 0.000666666666667
0.649333333333 -0.00666666666667 0.651333333333 0.0
0.658 -0.00666666666667 0.662666666667 -0.00266666666667
0.406666666667 -0.000666666666667 0.405333333333 -0.006
0.637333333333 -0.006 0.642 0.00133333333333
0.398666666667 -0.00466666666667 0.396666666667 0.00666666666667
0.402666666667 -0.00466666666667 0.402 0.014
0.638 0.002 0.635333333333 -0.00533333333333
0.648666666667 0.00533333333333 0.648 -0.00533333333333
0.399333333333 0.016 0.4 -0.004
0.536666666667 -0.00466666666667 0.534666666667 -0.000666666666667
0.616666666667 -0.00333333333333 0.619333333333 -0.004
0.490666666667 -0.00333333333333 0.489333333333 0.00533333333333
0.63 -0.00333333333333 0.632 0.002
0.669333333333 0.00466666666667 0.667333333333 -0.00333333333333
0.386 0.00533333333333 0.384666666667 -0.00266666666667
0.528666666667 0.004 0.526666666667 -0.00266666666667
0.618 0.00333333333333 0.618 -0.00266666666667
0.622 -0.00266666666667 0.623333333333 0.00466666666667
0.382 -0.002 0.38 0.00266666666667
0.432666666667 0.00666666666667 0.431333333333 -0.00133333333333
0.536666666667 0.00933333333333 0.531333333333 -0.00133333333333
0.487333333333 0.004 0.486666666667 -0.000666666666667
0.657333333333 -0.00133333333333 0.662666666667 0.008
0.665333333333 -0.000666666666667 0.667333333333 0.006
0.534666666667 0.0 0.538 0.00266666666667
0.388 0.000666666666667 0.39 0.00533333333333
0.651333333333 0.000666666666667 0.65 0.006
0.67 0.0126666666667 0.661333333333 0.000666666666667
0.411333333333 0.00133333333333 0.408666666667 0.006
0.641333333333 0.002 0.642 0.01
0.355333333333 0.00666666666667 0.355333333333 0.00266666666667
0.626666666667 0.01 0.628 0.00266666666667
0.645333333333 0.0173333333333 0.644 0.00266666666667
0.357333333333 0.00333333333333 0.357333333333 0.00866666666667
0.536666666667 0.00333333333333 0.538666666667 0.00866666666667
0.641333333333 0.0126666666667 0.638666666667 0.00333333333333
0.404666666667 0.008 0.407333333333 0.00466666666667
0.606 0.0573333333333 0.619333333333 0.004
0.623333333333 0.00466666666667 0.62 0.00933333333333
0.667333333333 0.00866666666667 0.67 0.00466666666667
0.39 0.006 0.387333333333 0.0106666666667
0.386 0.01 0.382666666667 0.00666666666667
0.65 0.00666666666667 0.650666666667 0.0106666666667
0.486666666667 0.02 0.486666666667 0.00733333333333
0.487333333333 0.008 0.49 0.0193333333333
0.659333333333 0.0153333333333 0.655333333333 0.00866666666667
0.534 0.02 0.536666666667 0.01
0.652666666667 0.0106666666667 0.656666666667 0.0166666666667
0.522 0.0153333333333 0.525333333333 0.0106666666667
0.382666666667 0.0186666666667 0.383333333333 0.012
0.386 0.012 0.386 0.016
0.393333333333 0.0113333333333 0.391333333333 0.0206666666667
0.407333333333 0.0113333333333 0.408666666667 0.0166666666667
0.417333333333 0.0153333333333 0.412 0.0113333333333
0.397333333333 0.0126666666667 0.398666666667 0.0206666666667
0.538 0.0126666666667 0.537333333333 0.0206666666667
0.624 0.0126666666667 0.627333333333 0.018
0.649333333333 0.0126666666667 0.649333333333 0.0186666666667
0.661333333333 0.0133333333333 0.665333333333 0.016
0.399333333333 0.026 0.395333333333 0.0133333333333
0.407333333333 0.018 0.405333333333 0.0126666666667
0.67 0.03 0.669333333333 0.0133333333333
0.64 0.014 0.640666666667 0.0193333333333
0.516 0.0173333333333 0.521333333333 0.0153333333333
0.524666666667 0.016 0.517333333333 0.02
0.351333333333 0.0366666666667 0.354 0.016
0.388 0.0266666666667 0.388666666667 0.016
0.606666666667 0.016 0.602666666667 0.02
0.492 0.0206666666667 0.495333333333 0.0173333333333
0.524 0.018 0.531333333333 0.0206666666667
0.672666666667 0.0173333333333 0.674 0.0213333333333
0.498 0.0193333333333 0.511333333333 0.0273333333333
0.512666666667 0.0266666666667 0.523333333333 0.0186666666667
0.656666666667 0.03 0.658 0.0186666666667
0.666 0.0193333333333 0.668666666667 0.0306666666667
0.354666666667 0.02 0.354 0.0486666666667
0.394666666667 0.02 0.398 0.0286666666667
0.501333333333 0.0306666666667 0.486 0.0206666666667
0.506666666667 0.0206666666667 0.512666666667 0.0213333333333
0.653333333333 0.048 0.646 0.02
0.671333333333 0.0626666666667 0.664 0.02
0.681333333333 0.024 0.680666666667 0.02
0.415333333333 0.0233333333333 0.412 0.0206666666667
0.538 0.0206666666667 0.530666666667 0.026
0.651333333333 0.0206666666667 0.653333333333 0.036
0.66 0.0206666666667 0.659333333333 0.026
0.502666666667 0.0266666666667 0.496 0.022
0.618666666667 0.022 0.614 0.052
0.673333333333 0.0213333333333 0.672 0.0286666666667
0.380666666667 0.0266666666667 0.380666666667 0.0226666666667
0.392 0.0226666666667 0.389333333333 0.0266666666667
0.523333333333 0.0226666666667 0.519333333333 0.0253333333333
0.629333333333 0.024 0.628 0.0313333333333
0.642666666667 0.038 0.638666666667 0.024
0.53 0.0253333333333 0.524666666667 0.0286666666667
0.392666666667 0.026 0.394666666667 0.032
0.420666666667 0.032 0.413333333333 0.026
0.438 0.03 0.442 0.0266666666667
0.52 0.026 0.517333333333 0.0293333333333
0.642 0.026 0.644666666667 0.0373333333333
0.507333333333 0.03 0.503333333333 0.0286666666667
0.632 0.028 0.650666666667 0.07
0.672 0.0293333333333 0.674 0.0326666666667
0.374 0.0346666666667 0.378 0.0293333333333
0.414 0.03 0.417333333333 0.0326666666667
0.517333333333 0.0293333333333 0.516 0.034
0.384666666667 0.0366666666667 0.386666666667 0.03
0.410666666667 0.03 0.410666666667 0.0393333333333
0.507333333333 0.034 0.506666666667 0.03
0.408 0.036 0.406 0.0306666666667
0.664 0.0306666666667 0.667333333333 0.0526666666667
0.414666666667 0.0393333333333 0.413333333333 0.0313333333333
0.4 0.052 0.396666666667 0.0326666666667
0.619333333333 0.0386666666667 0.619333333333 0.0326666666667
0.681333333333 0.0433333333333 0.678666666667 0.032
0.620666666667 0.0333333333333 0.620666666667 0.0373333333333
0.625333333333 0.034 0.631333333333 0.0366666666667
0.648666666667 0.0713333333333 0.632 0.034
0.664666666667 0.0533333333333 0.661333333333 0.0333333333333
0.647333333333 0.034 0.65 0.0466666666667
0.671333333333 0.034 0.673333333333 0.04
0.374 0.04 0.374666666667 0.0353333333333
0.388666666667 0.042 0.388 0.0353333333333
0.394 0.0346666666667 0.396666666667 0.048
0.383333333333 0.0366666666667 0.381333333333 0.0486666666667
0.407333333333 0.0406666666667 0.407333333333 0.0366666666667
0.416 0.0366666666667 0.416 0.0473333333333
0.449333333333 0.0373333333333 0.454 0.04
0.627333333333 0.042 0.625333333333 0.0366666666667
0.352 0.0486666666667 0.351333333333 0.0373333333333
0.38 0.046 0.381333333333 0.0373333333333
0.562666666667 0.038 0.566666666667 0.0473333333333
0.62 0.048 0.622666666667 0.0373333333333
0.418666666667 0.0426666666667 0.42 0.038
0.424 0.0406666666667 0.454666666667 0.0886666666667
0.510666666667 0.0406666666667 0.516666666667 0.0406666666667
0.654666666667 0.0393333333333 0.666 0.0626666666667
0.413333333333 0.056 0.414 0.04
0.453333333333 0.04 0.452 0.0473333333333
0.462 0.0453333333333 0.465333333333 0.0406666666667
0.377333333333 0.0406666666667 0.376 0.0453333333333
0.400666666667 0.0406666666667 0.403333333333 0.0493333333333
0.405333333333 0.0466666666667 0.404 0.0406666666667
0.426 0.0553333333333 0.422666666667 0.0406666666667
0.512 0.0433333333333 0.506666666667 0.0413333333333
0.37 0.0493333333333 0.371333333333 0.042
0.406666666667 0.0426666666667 0.408 0.0466666666667
0.496 0.046 0.504 0.0433333333333
0.676666666667 0.0426666666667 0.680666666667 0.0486666666667
0.392 0.0433333333333 0.388666666667 0.05
0.475333333333 0.0513333333333 0.492666666667 0.0446666666667
0.504 0.044 0.512666666667 0.048
0.512666666667 0.0473333333333 0.525333333333 0.044
0.528666666667 0.0446666666667 0.547333333333 0.0486666666667
0.644666666667 0.05 0.643333333333 0.0433333333333
0.388 0.0566666666667 0.386666666667 0.044
0.634666666667 0.0666666666667 0.626666666667 0.044
0.395333333333 0.05 0.394 0.0446666666667
0.376 0.05 0.378 0.046
0.5 0.0473333333333 0.479333333333 0.0513333333333
0.511333333333 0.0513333333333 0.503333333333 0.0466666666667
0.521333333333 0.048 0.516 0.0493333333333
0.63 0.0486666666667 0.634666666667 0.0466666666667
0.669333333333 0.0766666666667 0.654666666667 0.0466666666667
0.374 0.0473333333333 0.367333333333 0.0573333333333
0.625333333333 0.048 0.626666666667 0.052
0.541333333333 0.0513333333333 0.538 0.0486666666667
0.466 0.0513333333333 0.472666666667 0.05
0.546666666667 0.0513333333333 0.541333333333 0.0506666666667
0.548666666667 0.0506666666667 0.554666666667 0.05
0.556666666667 0.05 0.562666666667 0.05
0.630666666667 0.0486666666667 0.633333333333 0.0553333333333
0.671333333333 0.0493333333333 0.672666666667 0.064
0.680666666667 0.0686666666667 0.673333333333 0.0493333333333
0.652 0.05 0.652 0.0553333333333
0.650666666667 0.06 0.648666666667 0.0506666666667
0.392 0.0513333333333 0.39 0.062
0.432666666667 0.0653333333333 0.426666666667 0.052
0.36 0.0546666666667 0.364 0.0526666666667
0.402666666667 0.0526666666667 0.402 0.0613333333333
0.469333333333 0.0553333333333 0.466666666667 0.0526666666667
0.478666666667 0.0573333333333 0.471333333333 0.0533333333333
0.521333333333 0.056 0.533333333333 0.0533333333333
0.536 0.0553333333333 0.545333333333 0.0526666666667
0.555333333333 0.0533333333333 0.542666666667 0.058
0.608666666667 0.0526666666667 0.605333333333 0.066
0.626666666667 0.052 0.624 0.0586666666667
0.354666666667 0.0533333333333 0.354666666667 0.0606666666667
0.384666666667 0.0533333333333 0.379333333333 0.0806666666667
0.396666666667 0.0573333333333 0.396666666667 0.0533333333333
0.48 0.054 0.490666666667 0.0553333333333
0.493333333333 0.0546666666667 0.5 0.0553333333333
0.502666666667 0.054 0.506 0.0573333333333
0.656 0.0666666666667 0.654 0.0533333333333
0.656 0.0533333333333 0.658 0.0606666666667
0.352666666667 0.0613333333333 0.352 0.054
0.516 0.058 0.52 0.0553333333333
0.619333333333 0.0626666666667 0.621333333333 0.054
0.407333333333 0.0753333333333 0.406666666667 0.0553333333333
0.506666666667 0.0573333333333 0.513333333333 0.056
0.636666666667 0.0553333333333 0.636666666667 0.0593333333333
0.41 0.056 0.408666666667 0.0606666666667
0.413333333333 0.062 0.416666666667 0.056
0.485333333333 0.0586666666667 0.480666666667 0.0566666666667
0.592666666667 0.0726666666667 0.604 0.0566666666667
0.680666666667 0.056 0.680666666667 0.06
0.364666666667 0.0573333333333 0.358666666667 0.066
0.381333333333 0.0813333333333 0.387333333333 0.0566666666667
0.517333333333 0.0606666666667 0.493333333333 0.058
0.542 0.0573333333333 0.518 0.0593333333333
0.547333333333 0.0606666666667 0.551333333333 0.058
0.628666666667 0.0573333333333 0.626666666667 0.064
0.379333333333 0.0726666666667 0.378 0.0586666666667
0.424666666667 0.0586666666667 0.419333333333 0.072
0.613333333333 0.0633333333333 0.613333333333 0.0586666666667
0.371333333333 0.0586666666667 0.357333333333 0.08
0.418666666667 0.0586666666667 0.414666666667 0.0633333333333
0.552 0.0593333333333 0.550666666667 0.064
0.616 0.0593333333333 0.614 0.07
0.653333333333 0.066 0.651333333333 0.06
0.402 0.0613333333333 0.405333333333 0.0753333333333
0.408666666667 0.0613333333333 0.409333333333 0.0653333333333
0.474666666667 0.0653333333333 0.476 0.0606666666667
0.547333333333 0.0653333333333 0.548 0.0606666666667
0.657333333333 0.06 0.661333333333 0.064
0.351333333333 0.0653333333333 0.353333333333 0.0613333333333
0.356 0.078 0.365333333333 0.0613333333333
0.638666666667 0.0613333333333 0.646 0.0793333333333
0.396666666667 0.0666666666667 0.4 0.0626666666667
0.665333333333 0.0626666666667 0.667333333333 0.07
0.368 0.0773333333333 0.375333333333 0.0633333333333
0.416666666667 0.0713333333333 0.420666666667 0.0633333333333
0.550666666667 0.0646666666667 0.541333333333 0.0733333333333
0.669333333333 0.07 0.669333333333 0.0633333333333
0.494 0.0653333333333 0.498 0.0673333333333
0.613333333333 0.0773333333333 0.612666666667 0.064
0.660666666667 0.064 0.664666666667 0.0746666666667
0.376666666667 0.0653333333333 0.370666666667 0.0766666666667
0.603333333333 0.066 0.595333333333 0.0746666666667
0.624666666667 0.0646666666667 0.621333333333 0.0706666666667
0.621333333333 0.074 0.627333333333 0.0653333333333
0.672 0.0653333333333 0.672 0.0753333333333
0.508 0.07 0.510666666667 0.066
0.388666666667 0.0666666666667 0.39 0.0706666666667
0.41 0.0713333333333 0.411333333333 0.0673333333333
0.415333333333 0.0666666666667 0.412666666667 0.072
0.434666666667 0.0673333333333 0.427333333333 0.092
0.431333333333 0.0906666666667 0.437333333333 0.0673333333333
0.479333333333 0.0706666666667 0.517333333333 0.08
0.54 0.0706666666667 0.543333333333 0.0686666666667
0.642 0.0726666666667 0.638666666667 0.068
0.354666666667 0.0693333333333 0.353333333333 0.076
0.391333333333 0.0786666666667 0.387333333333 0.0693333333333
0.396666666667 0.082 0.398 0.0693333333333
0.506 0.0733333333333 0.496 0.0706666666667
0.6 0.0746666666667 0.604 0.0686666666667
0.608666666667 0.0693333333333 0.61 0.0786666666667
0.661333333333 0.0913333333333 0.655333333333 0.0693333333333
0.385333333333 0.07 0.385333333333 0.0773333333333
0.400666666667 0.07 0.398 0.092
0.528 0.0706666666667 0.524 0.072
0.608 0.0786666666667 0.606666666667 0.07
0.392666666667 0.0713333333333 0.394 0.0806666666667
0.408 0.0813333333333 0.416666666667 0.0713333333333
0.484666666667 0.0746666666667 0.481333333333 0.0713333333333
0.518 0.0713333333333 0.515333333333 0.074
0.351333333333 0.076 0.351333333333 0.072
0.530666666667 0.0746666666667 0.532666666667 0.072
0.540666666667 0.0726666666667 0.526 0.082
0.418 0.0726666666667 0.412666666667 0.0813333333333
0.422 0.092 0.430666666667 0.0733333333333
0.592666666667 0.0933333333333 0.592666666667 0.0726666666667
0.659333333333 0.0726666666667 0.668666666667 0.0926666666667
0.498 0.0833333333333 0.485333333333 0.074
0.524 0.0773333333333 0.527333333333 0.074
0.378 0.0793333333333 0.378 0.074
0.436666666667 0.074 0.435333333333 0.096
0.438 0.0926666666667 0.44 0.074
0.544 0.115333333333 0.590666666667 0.076
0.616666666667 0.074 0.614666666667 0.0786666666667
0.626666666667 0.0746666666667 0.631333333333 0.0773333333333
0.601333333333 0.084 0.603333333333 0.0753333333333
0.672 0.076 0.678 0.084
0.352 0.120666666667 0.372 0.0753333333333
0.518 0.078 0.523333333333 0.0766666666667
0.623333333333 0.0813333333333 0.626 0.0766666666667
0.668666666667 0.08 0.670666666667 0.0766666666667
0.419333333333 0.0813333333333 0.418666666667 0.0773333333333
0.374 0.0786666666667 0.365333333333 0.0966666666667
0.596 0.0786666666667 0.596 0.0853333333333
0.630666666667 0.078 0.626666666667 0.082
0.649333333333 0.0886666666667 0.638666666667 0.0793333333333
0.392666666667 0.0833333333333 0.390666666667 0.0786666666667
0.589333333333 0.0793333333333 0.578666666667 0.0913333333333
0.604666666667 0.0826666666667 0.608666666667 0.0793333333333
0.354666666667 0.098 0.366 0.0806666666667
0.443333333333 0.0913333333333 0.444666666667 0.08
0.611333333333 0.0846666666667 0.614666666667 0.0806666666667
0.636 0.0853333333333 0.634 0.08
0.672 0.0926666666667 0.668666666667 0.08
0.350666666667 0.092 0.352666666667 0.0806666666667
0.401333333333 0.0906666666667 0.402 0.0806666666667
0.421333333333 0.0813333333333 0.417333333333 0.0906666666667
0.504666666667 0.082 0.498 0.0826666666667
0.522 0.0826666666667 0.504 0.0826666666667
0.416 0.0866666666667 0.418666666667 0.0813333333333
0.626 0.0873333333333 0.623333333333 0.0813333333333
0.644666666667 0.0813333333333 0.650666666667 0.0866666666667
0.355333333333 0.0826666666667 0.353333333333 0.0973333333333
0.441333333333 0.0826666666667 0.441333333333 0.092
0.618 0.082 0.614666666667 0.086
0.366666666667 0.0833333333333 0.352666666667 0.104
0.621333333333 0.0906666666667 0.62 0.0833333333333
0.672 0.0833333333333 0.680666666667 0.122
0.384666666667 0.084 0.380666666667 0.123333333333
0.41 0.084 0.408 0.092
0.393333333333 0.0953333333333 0.392 0.0853333333333
0.603333333333 0.0933333333333 0.609333333333 0.0853333333333
0.614 0.09 0.612 0.0846666666667
0.378666666667 0.086 0.376666666667 0.0946666666667
0.446 0.086 0.445333333333 0.0926666666667
0.596 0.086 0.596666666667 0.094
0.644 0.086 0.647333333333 0.105333333333
0.681333333333 0.09 0.678 0.086
0.447333333333 0.092 0.449333333333 0.0866666666667
0.457333333333 0.0886666666667 0.492 0.117333333333
0.610666666667 0.0873333333333 0.609333333333 0.0953333333333
0.624 0.088 0.63 0.110666666667
0.410666666667 0.094 0.412 0.0886666666667
0.456666666667 0.0886666666667 0.449333333333 0.131333333333
0.633333333333 0.0886666666667 0.63 0.092
0.639333333333 0.0953333333333 0.636 0.088
0.375333333333 0.130666666667 0.382 0.0893333333333
0.617333333333 0.0886666666667 0.615333333333 0.0946666666667
0.639333333333 0.0893333333333 0.642 0.098
0.463333333333 0.104666666667 0.457333333333 0.09
0.612 0.0933333333333 0.614 0.0893333333333
0.648 0.09 0.657333333333 0.120666666667
0.67 0.132666666667 0.654 0.0893333333333
0.629333333333 0.0953333333333 0.628 0.0906666666667
0.656666666667 0.0906666666667 0.666 0.114
0.403333333333 0.101333333333 0.406 0.0913333333333
0.441333333333 0.0913333333333 0.442 0.0973333333333
0.644666666667 0.101333333333 0.642666666667 0.0913333333333
0.656 0.125333333333 0.646666666667 0.092
0.662 0.096 0.661333333333 0.0913333333333
0.414 0.104666666667 0.418666666667 0.0926666666667
0.422 0.110666666667 0.425333333333 0.0926666666667
0.626 0.102666666667 0.623333333333 0.0926666666667
0.630666666667 0.0926666666667 0.631333333333 0.102666666667
0.422 0.0933333333333 0.417333333333 0.102
0.581333333333 0.094 0.576 0.102
0.350666666667 0.103333333333 0.351333333333 0.094
0.355333333333 0.126666666667 0.372 0.094
0.4 0.094 0.399333333333 0.102
0.600666666667 0.0946666666667 0.598666666667 0.0993333333333
0.612666666667 0.106 0.613333333333 0.094
0.634 0.104 0.634 0.094
0.672 0.1 0.67 0.094
0.679333333333 0.104 0.676666666667 0.094
0.382 0.125333333333 0.394666666667 0.096
0.408666666667 0.0946666666667 0.406 0.102666666667
0.438 0.101333333333 0.439333333333 0.0946666666667
0.667333333333 0.0946666666667 0.668666666667 0.0993333333333
0.375333333333 0.0966666666667 0.357333333333 0.128666666667
0.593333333333 0.104 0.593333333333 0.0966666666667
0.609333333333 0.0966666666667 0.608666666667 0.110666666667
0.631333333333 0.106 0.628666666667 0.0966666666667
0.679333333333 0.0966666666667 0.681333333333 0.104666666667
0.428 0.098 0.435333333333 0.114
0.616 0.0973333333333 0.618666666667 0.103333333333
0.446 0.108 0.444 0.0986666666667
0.57 0.0986666666667 0.564 0.103333333333
0.585333333333 0.102 0.589333333333 0.0986666666667
0.636 0.098 0.636666666667 0.106
0.622 0.0993333333333 0.624 0.108666666667
0.366 0.1 0.362666666667 0.102666666667
0.596666666667 0.106666666667 0.597333333333 0.1
0.396666666667 0.101333333333 0.395333333333 0.108
0.441333333333 0.101333333333 0.445333333333 0.116
0.482 0.118666666667 0.464666666667 0.102
0.667333333333 0.112 0.663333333333 0.100666666667
0.404 0.107333333333 0.403333333333 0.102
0.43 0.111333333333 0.428 0.102
0.574 0.102 0.558666666667 0.117333333333
0.4 0.112 0.398666666667 0.102666666667
0.426 0.102666666667 0.422666666667 0.114
0.681333333333 0.131333333333 0.671333333333 0.102
0.363333333333 0.103333333333 0.353333333333 0.126
0.406 0.103333333333 0.406666666667 0.108
0.594666666667 0.103333333333 0.589333333333 0.122
0.636 0.108 0.632 0.104
0.564666666667 0.121333333333 0.584 0.105333333333
0.606 0.112 0.607333333333 0.104
0.645333333333 0.111333333333 0.642 0.104666666667
0.62 0.115333333333 0.621333333333 0.105333333333
0.627333333333 0.112 0.626 0.104666666667
0.415333333333 0.110666666667 0.417333333333 0.106
0.556666666667 0.114666666667 0.564666666667 0.106
0.599333333333 0.106 0.599333333333 0.112666666667
0.669333333333 0.106 0.669333333333 0.110666666667
0.560666666667 0.107333333333 0.546666666667 0.116666666667
0.58 0.114666666667 0.587333333333 0.107333333333
0.614666666667 0.120666666667 0.613333333333 0.106666666667
0.657333333333 0.107333333333 0.660666666667 0.112666666667
0.444 0.116666666667 0.439333333333 0.107333333333
0.407333333333 0.108666666667 0.403333333333 0.124
0.590666666667 0.124666666667 0.595333333333 0.109333333333
0.634666666667 0.114 0.636 0.109333333333
0.394666666667 0.110666666667 0.393333333333 0.115333333333
0.438666666667 0.11 0.441333333333 0.115333333333
0.446 0.113333333333 0.447333333333 0.11
0.409333333333 0.114666666667 0.412 0.111333333333
0.67 0.111333333333 0.672 0.115333333333
0.396 0.124666666667 0.399333333333 0.112
0.439333333333 0.116 0.437333333333 0.111333333333
0.589333333333 0.112666666667 0.572 0.119333333333
0.609333333333 0.111333333333 0.611333333333 0.12
0.416 0.118 0.418666666667 0.112666666667
0.599333333333 0.112666666667 0.588666666667 0.134
0.638666666667 0.112666666667 0.638666666667 0.118666666667
0.422666666667 0.114 0.412 0.138
0.519333333333 0.12 0.542666666667 0.114666666667
0.548666666667 0.124 0.555333333333 0.113333333333
0.431333333333 0.114 0.433333333333 0.121333333333
0.448666666667 0.121333333333 0.447333333333 0.114
0.586666666667 0.120666666667 0.59 0.114
0.624666666667 0.114 0.620666666667 0.118666666667
0.409333333333 0.122 0.409333333333 0.115333333333
0.43 0.12 0.428666666667 0.115333333333
0.493333333333 0.116 0.513333333333 0.12
0.598 0.124 0.602666666667 0.115333333333
0.392666666667 0.116 0.395333333333 0.118666666667
0.412666666667 0.116 0.41 0.123333333333
0.422 0.134 0.424666666667 0.116
0.426666666667 0.116 0.426666666667 0.120666666667
0.459333333333 0.123333333333 0.458666666667 0.116
0.546 0.116 0.540666666667 0.119333333333
0.644666666667 0.126 0.641333333333 0.116
0.672 0.116 0.670666666667 0.119333333333
0.634666666667 0.116666666667 0.638 0.124
0.444 0.117333333333 0.447333333333 0.122666666667
0.460666666667 0.118 0.467333333333 0.130666666667
0.540666666667 0.118666666667 0.522666666667 0.123333333333
0.484 0.124 0.482666666667 0.118666666667
0.513333333333 0.123333333333 0.490666666667 0.119333333333
0.646666666667 0.118666666667 0.646 0.125333333333
0.674 0.118666666667 0.675333333333 0.123333333333
0.384 0.118666666667 0.364 0.16
0.394666666667 0.119333333333 0.390666666667 0.124
0.569333333333 0.119333333333 0.565333333333 0.123333333333
0.618666666667 0.122 0.623333333333 0.119333333333
0.38 0.141333333333 0.388 0.12
0.412666666667 0.122666666667 0.417333333333 0.12
0.554666666667 0.120666666667 0.550666666667 0.125333333333
0.603333333333 0.132 0.606666666667 0.120666666667
0.350666666667 0.126666666667 0.352 0.120666666667
0.428 0.125333333333 0.43 0.120666666667
0.485333333333 0.125333333333 0.489333333333 0.122666666667
0.544 0.122 0.549333333333 0.122
0.602666666667 0.120666666667 0.6 0.130666666667
0.630666666667 0.124666666667 0.633333333333 0.12
0.432666666667 0.122 0.432666666667 0.127333333333
0.433333333333 0.141333333333 0.435333333333 0.122
0.442666666667 0.130666666667 0.443333333333 0.122
0.494666666667 0.121333333333 0.498666666667 0.128
0.522666666667 0.123333333333 0.518 0.122666666667
0.66 0.122666666667 0.660666666667 0.126666666667
0.676 0.123333333333 0.678 0.136666666667
0.425333333333 0.124 0.426 0.129333333333
0.562 0.13 0.565333333333 0.124666666667
0.567333333333 0.151333333333 0.590666666667 0.124666666667
0.501333333333 0.126666666667 0.506666666667 0.130666666667
0.552 0.124666666667 0.548666666667 0.130666666667
0.585333333333 0.153333333333 0.6 0.124666666667
0.653333333333 0.128666666667 0.658 0.124666666667
0.430666666667 0.132 0.430666666667 0.126
0.502 0.133333333333 0.488666666667 0.126666666667
0.608666666667 0.145333333333 0.615333333333 0.126
0.617333333333 0.126 0.614 0.14
0.510666666667 0.126666666667 0.51 0.133333333333
0.552666666667 0.138 0.559333333333 0.126666666667
0.566666666667 0.126666666667 0.561333333333 0.134
0.609333333333 0.127333333333 0.604666666667 0.132
0.628666666667 0.132 0.63 0.126666666667
0.402 0.127333333333 0.397333333333 0.131333333333
0.464666666667 0.132666666667 0.463333333333 0.128
0.511333333333 0.132666666667 0.516 0.128
0.662 0.134666666667 0.660666666667 0.127333333333
0.531333333333 0.132 0.534666666667 0.129333333333
0.622666666667 0.128 0.619333333333 0.133333333333
0.388666666667 0.129333333333 0.385333333333 0.135333333333
0.405333333333 0.128666666667 0.4 0.141333333333
0.41 0.132 0.414 0.129333333333
0.518 0.130666666667 0.524 0.13
0.548666666667 0.13 0.544 0.13
0.371333333333 0.133333333333 0.374 0.130666666667
0.623333333333 0.132666666667 0.627333333333 0.13
0.438 0.134 0.443333333333 0.131333333333
0.448 0.131333333333 0.433333333333 0.144666666667
0.600666666667 0.130666666667 0.598 0.137333333333
0.646666666667 0.130666666667 0.648 0.134666666667
0.650666666667 0.135333333333 0.650666666667 0.130666666667
0.652 0.130666666667 0.656 0.138666666667
0.658666666667 0.136666666667 0.656 0.131333333333
0.351333333333 0.132 0.351333333333 0.136
0.404 0.14 0.406666666667 0.132
0.417333333333 0.131333333333 0.418666666667 0.138
0.556 0.143333333333 0.56 0.131333333333
0.604 0.134666666667 0.608666666667 0.132666666667
0.633333333333 0.132666666667 0.638666666667 0.132666666667
0.638666666667 0.132666666667 0.643333333333 0.136666666667
0.658666666667 0.131333333333 0.660666666667 0.137333333333
0.506666666667 0.134 0.501333333333 0.133333333333
0.520666666667 0.134 0.513333333333 0.134
0.53 0.134666666667 0.523333333333 0.133333333333
0.537333333333 0.133333333333 0.532666666667 0.134
0.636666666667 0.136 0.628666666667 0.134
0.571333333333 0.133333333333 0.568666666667 0.14
0.675333333333 0.144 0.672666666667 0.133333333333
0.361333333333 0.162 0.372666666667 0.134
0.560666666667 0.134 0.558 0.146666666667
0.610666666667 0.134 0.605333333333 0.142666666667
0.384 0.153333333333 0.393333333333 0.135333333333
0.394666666667 0.135333333333 0.398 0.144666666667
0.438666666667 0.146 0.449333333333 0.138
0.448666666667 0.135333333333 0.453333333333 0.139333333333
0.648 0.144666666667 0.636 0.135333333333
0.39 0.135333333333 0.377333333333 0.154666666667
0.422666666667 0.147333333333 0.428 0.136
0.429333333333 0.136 0.429333333333 0.142
0.586 0.136 0.576 0.149333333333
0.59 0.135333333333 0.583333333333 0.152
0.626666666667 0.136 0.630666666667 0.14
0.654666666667 0.139333333333 0.649333333333 0.135333333333
0.645333333333 0.137333333333 0.649333333333 0.140666666667
0.580666666667 0.151333333333 0.586 0.137333333333
0.633333333333 0.138 0.647333333333 0.148666666667
0.412 0.138666666667 0.411333333333 0.144
0.553333333333 0.146 0.552666666667 0.138666666667
0.614 0.146666666667 0.616666666667 0.138666666667
0.356666666667 0.141333333333 0.36 0.14
0.596 0.139333333333 0.592 0.146
0.613333333333 0.14 0.61 0.146666666667
0.619333333333 0.140666666667 0.614666666667 0.148666666667
0.66 0.142666666667 0.657333333333 0.14
0.670666666667 0.14 0.672 0.152
0.450666666667 0.140666666667 0.446666666667 0.145333333333
0.594666666667 0.146 0.598 0.141333333333
0.602 0.141333333333 0.599333333333 0.146666666667
0.68 0.140666666667 0.681333333333 0.146
0.360666666667 0.141333333333 0.358 0.146
0.416666666667 0.15 0.418 0.142
0.616666666667 0.149333333333 0.621333333333 0.141333333333
0.646666666667 0.152 0.634666666667 0.142666666667
0.655333333333 0.142 0.661333333333 0.151333333333
0.469333333333 0.143333333333 0.463333333333 0.144
0.650666666667 0.142 0.654666666667 0.148
0.667333333333 0.146666666667 0.67 0.142666666667
0.410666666667 0.144 0.407333333333 0.147333333333
0.632 0.146 0.628 0.144666666667
0.432666666667 0.144666666667 0.422666666667 0.149333333333
0.600666666667 0.144666666667 0.596 0.147333333333
0.658666666667 0.152 0.654666666667 0.144
0.661333333333 0.144 0.67 0.154666666667
0.373333333333 0.149333333333 0.378 0.144666666667
0.398 0.146 0.392666666667 0.148
0.666666666667 0.155333333333 0.659333333333 0.144666666667
0.558 0.152 0.553333333333 0.146
0.605333333333 0.145333333333 0.602 0.154
0.652666666667 0.152 0.648666666667 0.146
0.428666666667 0.152 0.434666666667 0.147333333333
0.543333333333 0.147333333333 0.546666666667 0.151333333333
0.558666666667 0.146666666667 0.562 0.154
0.588666666667 0.159333333333 0.594666666667 0.146666666667
0.609333333333 0.148666666667 0.613333333333 0.147333333333
0.671333333333 0.153333333333 0.667333333333 0.146666666667
0.591333333333 0.147333333333 0.578666666667 0.169333333333
0.575333333333 0.148666666667 0.568 0.156
0.581333333333 0.199333333333 0.608666666667 0.148666666667
0.647333333333 0.149333333333 0.653333333333 0.162
0.654 0.148 0.654666666667 0.153333333333
0.436 0.149333333333 0.432 0.153333333333
0.546 0.153333333333 0.540666666667 0.148666666667
0.611333333333 0.165333333333 0.622666666667 0.149333333333
0.638 0.15 0.646 0.154666666667
0.678 0.155333333333 0.678 0.149333333333
0.680666666667 0.149333333333 0.681333333333 0.156
0.366666666667 0.162666666667 0.374666666667 0.150666666667
0.598 0.15 0.6 0.158666666667
0.614 0.149333333333 0.611333333333 0.156666666667
0.65 0.164666666667 0.632666666667 0.151333333333
0.407333333333 0.154 0.412666666667 0.152
0.582 0.157333333333 0.581333333333 0.151333333333
0.389333333333 0.176 0.4 0.152
0.427333333333 0.156 0.43 0.152666666667
0.609333333333 0.152666666667 0.604 0.162
0.608666666667 0.158666666667 0.610666666667 0.152666666667
0.655333333333 0.158 0.652 0.152666666667
0.388666666667 0.159333333333 0.395333333333 0.154
0.414666666667 0.153333333333 0.41 0.156666666667
0.414666666667 0.159333333333 0.416666666667 0.153333333333
0.626 0.154 0.62 0.156666666667
0.422666666667 0.160666666667 0.420666666667 0.154
0.553333333333 0.161333333333 0.557333333333 0.154666666667
0.670666666667 0.154 0.678 0.158666666667
0.664 0.164666666667 0.66 0.155333333333
0.396666666667 0.156 0.39 0.165333333333
0.423333333333 0.156 0.434666666667 0.171333333333
0.593333333333 0.155333333333 0.588 0.166
0.405333333333 0.158 0.402 0.159333333333
0.418666666667 0.156666666667 0.418 0.16
0.62 0.158666666667 0.625333333333 0.157333333333
0.556 0.167333333333 0.560666666667 0.157333333333
0.575333333333 0.170666666667 0.581333333333 0.157333333333
0.538 0.158 0.544666666667 0.162
0.600666666667 0.158 0.596 0.164
0.402666666667 0.159333333333 0.4 0.167333333333
0.541333333333 0.162666666667 0.537333333333 0.16
0.612666666667 0.159333333333 0.607333333333 0.163333333333
0.634 0.16 0.618666666667 0.160666666667
0.656666666667 0.159333333333 0.660666666667 0.163333333333
0.377333333333 0.166 0.380666666667 0.160666666667
0.585333333333 0.168 0.589333333333 0.16
0.677333333333 0.167333333333 0.68 0.16
0.370666666667 0.161333333333 0.362 0.172
0.433333333333 0.176 0.423333333333 0.160666666667
0.560666666667 0.160666666667 0.559333333333 0.166666666667
0.639333333333 0.162 0.648 0.167333333333
0.656666666667 0.166666666667 0.655333333333 0.160666666667
0.668 0.160666666667 0.666666666667 0.168666666667
0.357333333333 0.165333333333 0.361333333333 0.162
0.574666666667 0.188 0.593333333333 0.162
0.616666666667 0.162666666667 0.621333333333 0.164
0.622 0.163333333333 0.630666666667 0.163333333333
0.631333333333 0.162 0.635333333333 0.166
0.377333333333 0.162 0.374 0.165333333333
0.384666666667 0.162666666667 0.382666666667 0.167333333333
0.384666666667 0.169333333333 0.387333333333 0.162666666667
0.425333333333 0.17 0.416 0.163333333333
0.421333333333 0.162666666667 0.426666666667 0.168666666667
0.681333333333 0.162666666667 0.680666666667 0.172
0.549333333333 0.164666666667 0.554666666667 0.168
0.409333333333 0.169333333333 0.412 0.164
0.532666666667 0.164 0.539333333333 0.18
0.413333333333 0.164666666667 0.412 0.17
0.626 0.168 0.612 0.165333333333
0.355333333333 0.17 0.358666666667 0.166
0.390666666667 0.166 0.387333333333 0.171333333333
0.602666666667 0.166 0.584666666667 0.199333333333
0.643333333333 0.172 0.628 0.167333333333
0.537333333333 0.181333333333 0.531333333333 0.166
0.559333333333 0.167333333333 0.564666666667 0.168
0.651333333333 0.166666666667 0.654 0.172
0.360666666667 0.181333333333 0.369333333333 0.168
0.384666666667 0.171333333333 0.381333333333 0.168
0.418 0.167333333333 0.418666666667 0.172
0.556 0.174666666667 0.551333333333 0.168
0.562 0.170666666667 0.557333333333 0.169333333333
0.594666666667 0.168666666667 0.588666666667 0.179333333333
0.604 0.174666666667 0.608666666667 0.169333333333
0.657333333333 0.174 0.656 0.168
0.661333333333 0.169333333333 0.664666666667 0.171333333333
0.350666666667 0.174 0.354 0.169333333333
0.374666666667 0.168666666667 0.361333333333 0.183333333333
0.397333333333 0.169333333333 0.396 0.174
0.616666666667 0.17 0.633333333333 0.172666666667
0.38 0.17 0.384 0.176666666667
0.674666666667 0.17 0.678666666667 0.174666666667
0.576 0.174666666667 0.575333333333 0.170666666667
0.609333333333 0.171333333333 0.605333333333 0.176666666667
0.667333333333 0.171333333333 0.671333333333 0.174666666667
0.362666666667 0.172 0.358 0.180666666667
0.35 0.183333333333 0.358666666667 0.171333333333
0.636 0.174 0.648666666667 0.175333333333
0.632666666667 0.175333333333 0.622666666667 0.175333333333
0.665333333333 0.174 0.660666666667 0.174666666667
0.680666666667 0.173333333333 0.681333333333 0.18
0.409333333333 0.182666666667 0.414 0.174666666667
0.553333333333 0.184666666667 0.572666666667 0.174666666667
0.588 0.174666666667 0.582 0.184
0.619333333333 0.176 0.612 0.175333333333
0.403333333333 0.181333333333 0.405333333333 0.175333333333
0.411333333333 0.176 0.406 0.18
0.435333333333 0.175333333333 0.439333333333 0.177333333333
0.578666666667 0.175333333333 0.568 0.194666666667
0.654 0.176 0.664666666667 0.193333333333
0.366666666667 0.183333333333 0.37 0.177333333333
0.386 0.177333333333 0.388 0.181333333333
0.390666666667 0.182 0.39 0.176666666667
0.648666666667 0.177333333333 0.638 0.179333333333
0.659333333333 0.176666666667 0.666 0.178666666667
0.372 0.177333333333 0.37 0.183333333333
0.418666666667 0.193333333333 0.417333333333 0.177333333333
0.606666666667 0.178666666667 0.612666666667 0.178666666667
0.680666666667 0.181333333333 0.677333333333 0.178
0.386 0.184666666667 0.384 0.178666666667
0.436 0.178666666667 0.434 0.182
0.544666666667 0.182666666667 0.547333333333 0.178666666667
0.548 0.178666666667 0.548 0.192
0.662666666667 0.181333333333 0.658 0.178
0.355333333333 0.179333333333 0.352 0.186
0.374666666667 0.179333333333 0.377333333333 0.184
0.424 0.180666666667 0.42 0.180666666667
0.433333333333 0.181333333333 0.427333333333 0.18
0.563333333333 0.198666666667 0.572666666667 0.179333333333
0.588666666667 0.18 0.585333333333 0.186666666667
0.599333333333 0.185333333333 0.602 0.18
0.604666666667 0.18 0.601333333333 0.186
0.613333333333 0.181333333333 0.608666666667 0.181333333333
0.654 0.180666666667 0.649333333333 0.183333333333
0.669333333333 0.18 0.665333333333 0.184666666667
0.555333333333 0.180666666667 0.550666666667 0.184
0.563333333333 0.180666666667 0.552666666667 0.189333333333
0.553333333333 0.193333333333 0.564666666667 0.181333333333
0.568 0.181333333333 0.556666666667 0.192666666667
0.636666666667 0.182666666667 0.632666666667 0.183333333333
0.656 0.188 0.654 0.182
0.354 0.187333333333 0.358 0.183333333333
0.612666666667 0.184 0.617333333333 0.184
0.361333333333 0.187333333333 0.363333333333 0.184
0.377333333333 0.184 0.386666666667 0.19
0.402 0.191333333333 0.404666666667 0.183333333333
0.533333333333 0.186 0.539333333333 0.184
0.580666666667 0.183333333333 0.575333333333 0.188666666667
0.618 0.184 0.624666666667 0.188
0.645333333333 0.184 0.650666666667 0.186666666667
0.672666666667 0.194666666667 0.660666666667 0.183333333333
0.388666666667 0.184 0.394666666667 0.193333333333
0.394666666667 0.19 0.392666666667 0.184
0.42 0.184 0.421333333333 0.193333333333
0.549333333333 0.192 0.554 0.185333333333
0.576 0.191333333333 0.582 0.185333333333
0.602 0.188666666667 0.607333333333 0.186
0.607333333333 0.186 0.611333333333 0.187333333333
0.632666666667 0.186 0.644 0.198
0.641333333333 0.184666666667 0.648 0.194666666667
0.390666666667 0.191333333333 0.386666666667 0.185333333333
0.542666666667 0.19 0.545333333333 0.185333333333
0.633333333333 0.192 0.629333333333 0.186
0.666666666667 0.186 0.672666666667 0.191333333333
0.4 0.186666666667 0.4 0.192
0.584666666667 0.187333333333 0.580666666667 0.19
0.363333333333 0.191333333333 0.358 0.188
0.408666666667 0.195333333333 0.406666666667 0.188666666667
0.413333333333 0.188666666667 0.414 0.199333333333
0.596 0.198666666667 0.602666666667 0.188666666667
0.621333333333 0.189333333333 0.609333333333 0.192
0.531333333333 0.193333333333 0.537333333333 0.19
0.606666666667 0.189333333333 0.600666666667 0.194
0.66 0.193333333333 0.653333333333 0.19
0.552 0.19 0.551333333333 0.199333333333
0.647333333333 0.199333333333 0.642 0.191333333333
0.680666666667 0.190666666667 0.681333333333 0.196666666667
0.36 0.193333333333 0.369333333333 0.197333333333
0.372 0.192666666667 0.382 0.198
0.538 0.192 0.533333333333 0.194666666667
0.629333333333 0.199333333333 0.626 0.192
0.642 0.199333333333 0.635333333333 0.192666666667
0.526666666667 0.194 0.532 0.194
0.543333333333 0.192666666667 0.544666666667 0.196
0.55 0.199333333333 0.549333333333 0.192666666667
0.580666666667 0.192 0.576 0.199333333333
0.610666666667 0.192666666667 0.605333333333 0.197333333333
0.626 0.198 0.622 0.192666666667
0.628 0.192 0.632 0.198
0.356 0.199333333333 0.358 0.193333333333
0.557333333333 0.193333333333 0.555333333333 0.199333333333
0.572 0.197333333333 0.576666666667 0.193333333333
0.553333333333 0.199333333333 0.554 0.194
0.668 0.194666666667 0.670666666667 0.199333333333
0.68 0.199333333333 0.676 0.194666666667
0.397333333333 0.195333333333 0.401333333333 0.198
0.568666666667 0.194666666667 0.566 0.199333333333
0.652 0.2 0.654 0.195333333333
0.391333333333 0.199333333333 0.39 0.195333333333
0.528 0.199333333333 0.526666666667 0.195333333333
